0,0,0,0,0,0,0,0,0,0,0,0,0,0,0,0,0,0,0,0,0,0,0,0,0,0,0,0,0,0,0,0,0,0,0,0,0,0,0,0,0,0,0,0,0,0,0,0,0,0,0,0,0,0,0,0,0,0,0,0,0,0,0,0,0,0,0,0,0,0,0,0,0,0,0,0,0,0,0,0,0,0,0,0,0,0,0,0,0,0,0,0,0,0,0,0,0,0,0,0,0,0,0,0,0,0,0,0,0,0,0,0,0,0,0,0,0,0,0,0,0,0,0,0,0,0,0,0,0,0,0,0,0,0,0,0,0,0,0,0,0,0,0,0,0,0,0,0,0,0,0,0,0,0,0,0,0,0,0,0,0,0,0,0,0,0,0,0,0,0,0,0,0,0,0,0,0,0,0,0,0,0,0,0,0,0,0,0,0,0,0,0,0,0,0,0,0,0,0,0,0,0,0,0,0,0,0,0,0,0,0,0,0,0,0,0,0,0,0,0,0,0,0,0,0,0,0,0,0,0,0,0,0,0,0,0,0,0,0,0,0,0,0,0,0,0,0,0,0,0,0,0,0,0,0,0,0,0,0,0,0,0,0,0,0,0,0,0,0,0,0,0,0,0,0,0,0,0,0,0,0,0,0,0,0,0,0,0,0,0,0,0,0,0,0,0,0,0,0,0,0,0,0,0,0,0,0,0,0,0,0,0,0,0,0,0,0,0,0,0,0,0,0,0,0,0,0,0,0,0,0,0,0,0,0,0,0,0,0,0,0,0,0,0,0,0,0,0,0,0,0,0,0,0,0,0,0,0,0,0,0,0,0,0,0,0,0,0,0,0,0,0,0,0,0,0,0,0,0,0,0,0,0,0,0,0,0,0,0,0,0,0,0,0,0,0,0,0,0,0,0,0,0,0,0,0,0,0,0,0,0,0,0,0,0,0,0,0,0,0,0,0,0,0,0,0,0,0,0,0,0,0,0,0,0,0,0,0,0,0,0,0,0,0,0,0,0,0,0,0,0,0,0,0,0,0,0,0,0,0,0,0,0,0,0,0,0,0,0,0,0,0,0,0,0,0,0,0,0,0,0,0,0,0,0,0,0,0,0,0,0,0,0,0,0,0,0,0,0,0
0,0.00596218682697478,0.0114974564269612,0.0165346532627482,0.0214442996883609,0.0262593291658456,0.0309395203330305,0.0354175643158846,0.0396033811231619,0.0433784914722085,0.0466278546437963,0.0492734757433225,0.0513111980462343,0.0528275783763219,0.0539627938263851,0.0548894168716348,0.0557379097088232,0.0565938373181444,0.0576050982827582,0.0589553023215329,0.0607155120243688,0.0628611405237919,0.0653718810220652,0.0682321401247464,0.0713932827227854,0.0747754455120449,0.0782253475686304,0.0814608182987646,0.0841968409915691,0.0863118859644901,0.0878666971018163,0.0890271956747967,0.0899783058431576,0.090874652244579,0.0918430818363722,0.0929977310861695,0.0944507364389967,0.0962878310504386,0.0985308895557129,0.101152933324348,0.104104812676806,0.107349706366323,0.110870542246246,0.114613140620057,0.11845592982145,0.122263681473514,0.125972468555366,0.129615067570193,0.133277157663296,0.137046776788608,0.140981378405013,0.14508797405429,0.149315723207813,0.153571716532061,0.157775395390138,0.16189303818717,0.165913286536134,0.169820823867346,0.173612041246034,0.177324637415142,0.181037917682924,0.184829127598189,0.188714834076274,0.192632742530385,0.196486645505276,0.200203390387556,0.20375410475164,0.207148242706826,0.21042348243214,0.213635974885038,0.216834055340901,0.220011724332431,0.223088842386265,0.225951511527928,0.228539976876517,0.230888082141785,0.23310414431037,0.235307374609494,0.237560950394396,0.239847447288221,0.242102363768055,0.244274079455088,0.246362979141552,0.248419323559508,0.250513195846386,0.252697383130146,0.254985618748325,0.257361431783684,0.259807029137449,0.262321741042226,0.264914345552465,0.267581761031535,0.270295225830628,0.273004572798152,0.275657341237608,0.278218365664223,0.28067500240181,0.283029163254252,0.285291142529065,0.287482600846242,0.289639889741135,0.291808389826041,0.294031183774211,0.296340989151896,0.29875768558551,0.301286391384135,0.303913850968888,0.306608797462909,0.309330640812096,0.312042699245763,0.314722661344762,0.317366421371748,0.319986935404092,0.32261101593174,0.325274587189602,0.328016354340725,0.33087100834874,0.333862657001844,0.336999353209065,0.340271707725496,0.343656948071327,0.347125064158844,0.350643856518669,0.354183347580708,0.357719271598052,0.361232568510714,0.364704668281236,0.368113243014693,0.371431891506096,0.374632042300798,0.377683405649207,0.380551960563944,0.383197717584049,0.385576227043931,0.38764669924226,0.389384578136965,0.390791661487216,0.391898335895529,0.39275884958141,0.39344450765461,0.394037846564355,0.394626510688537,0.395294300687268,0.396109896917328,0.397116548282605,0.398326610383771,0.399723521969876,0.401270562880765,0.40292296792531,0.404639625067374,0.406391811429826,0.408167245325112,0.409968448330685,0.411806595116254,0.41369480433985,0.415644415300523,0.417663845203311,0.419756632989776,0.421916591323643,0.424122310212677,0.426335639743053,0.428506396928665,0.430581716930826,0.432517614651884,0.434291014295218,0.435909543782485,0.43741511159003,0.438878044386032,0.440381405871227,0.441998810902418,0.443772851790948,0.445702591358463,0.447744576620077,0.449826722147755,0.451871962268987,0.45382375406343,0.455659314637252,0.457381159165799,0.458995424987266,0.46049724885875,0.461873635428425,0.463116014978314,0.464229562055165,0.465236333406959,0.466176633036566,0.467109932226977,0.468110543108462,0.469253361307808,0.470592211596319,0.472141177564808,0.47387105511547,0.475722379662294,0.47762200244576,0.479491332180202,0.48124419954906,0.482782237253481,0.484011257275446,0.484896671090921,0.48552379271953,0.486089370577545,0.4868008610512,0.487751207300324,0.488866926494737,0.489982449142856,0.49099201503578,0.491951478738038,0.493045545489537,0.49444633224297,0.496148389378302,0.497897611029636,0.499298800206691,0.500043642946642,0.500104541331247,0.499750901292753,0.49935091831515,0.499151107079293,0.499318291371218,0.500130182274236,0.501915897546797,0.504676013500263,0.507784563738899,0.510350039496052,0.512180355941234,0.514182439156525,0.517454828544622,0.522379548199906,0.528849459994975,0.53596968828998,0.540982553780971,0.541165484086984,0.542421961894633,0.547825547707031,0.558602216276257,0.570673224381063,0.541604324302478,0.512982848259617,0.485681938255812,0.45954769981514,0.433840253793023,0.40788033785011,0.381835059903931,0.356754542589266,0.333693127720261,0.313172392013866,0.292023186345936,0.261917538375507,0.230532396625333,0.194790139828816,0.158661070358185,0.128400545223802,0.107407498636054,0.103993723036162,0.0773687072909409,0.0350378425483241,0.0098869543492086,9.58398483887785e-06,7.48500398618381e-14,0,0,0,0,0,0,0,0,0,0,0,0,0,0,0,0,0,0,0,0,0,0,0,0,0,0,0,0,0,0,0,0,0,0,0,0,0,0,0,0,0,0,0,0,0,0,0,0,0,0,0,0,0,0,0,0,0,0,0,0,0,0,0,0,0,0,0,0,0,0,0,0,0,0,0,0,0,0,0,0,0,0,0,0,0,0,0,0,0,0,0,0,0,0,0,0,0,0,0,0,0,0,0,0,0,0,0,0,0,0,0,0,0,0,0,0,0,0,0,0,0,0,0,0,0,0,0,0,0,0,0,0,0,0,0,0,0,0,0,0,0,0,0,0,0,0,0,0,0,0,0,0,0,0,0,0,0,0,0,0,0,0,0,0,0,0,0,0,0,0,0,0,0,0,0,0,0,0,0,0,0,0,0,0,0,0,0,0,0,0,0,0,0,0,0,0,0,0,0,0,0,0,0,0,0,0,0,0,0,0,0,0,0,0,0,0,0,0,0,0,0,0,0,0,0,0,0,0,0,0,0,0,0,0,0,0,0,0,0,0,0,0,0
0,0.00631394255139251,0.0121909304363325,0.0175553764364083,0.022791720770254,0.0279317413272687,0.0329331312055756,0.037726207637234,0.0422179437596185,0.0462895661484909,0.0498268296942117,0.0527499181070737,0.0550545356354162,0.0568268578666178,0.0582040146935741,0.0593595753867674,0.0604177825228546,0.0614544005150408,0.0626295629659406,0.0641262702656444,0.066013790338477,0.0682696315378,0.0708722579513233,0.0738014529827793,0.0770151528570394,0.0804457916004612,0.0839619770495185,0.0873002385052056,0.0901845164401953,0.0924943703279795,0.0942854142864822,0.0957147579504281,0.0969570778011646,0.09815769599847,0.0994374336481779,0.10090633355279,0.102673728221984,0.104823742375026,0.107377606386862,0.110307219662637,0.113557337126652,0.11708080589117,0.120854422954105,0.124827865241411,0.128891190301309,0.132920843629411,0.136858875657949,0.140736551012381,0.14463104560557,0.148617443714097,0.152738842186479,0.156988209710881,0.161299871089074,0.165564318158107,0.169687937341896,0.173634922341697,0.177402716599047,0.180988573563814,0.18439791264233,0.187669591467855,0.190875787561839,0.194081611150093,0.197290581541555,0.200428638375822,0.203388948904388,0.206089361781742,0.208500835476528,0.210652859775997,0.212624843095103,0.214523768235227,0.216444406942189,0.218421771953199,0.220418542416246,0.22237173218078,0.224257865300043,0.226115332577494,0.228020536520541,0.230033389145942,0.232150716236569,0.234298389238357,0.236377070111596,0.238330253178761,0.240177692590207,0.241998088260583,0.243886705881329,0.245914186981011,0.248104541519123,0.250442610977225,0.252901320996466,0.255462737425469,0.25811741214688,0.260849986093973,0.263628617877529,0.266408255345169,0.269145876888515,0.27181534245194,0.274409231536063,0.276930203599918,0.279385918014489,0.281793295633026,0.284182403435064,0.286590634200109,0.289052290687762,0.291593436122298,0.29423193438223,0.296975231704332,0.299814291529399,0.302721125144194,0.305655523783949,0.308578149728888,0.31146263672475,0.314301317052348,0.31710455630499,0.319896482309581,0.322709539957308,0.325579573774685,0.328541219394808,0.331621479787759,0.334832350148838,0.338167868897057,0.341608001580347,0.345125054852072,0.348688664431415,0.352270059766904,0.355845605330321,0.359396493078281,0.362904219201378,0.366346385485664,0.36969627333169,0.372924561298514,0.375999822924242,0.378887276564697,0.381548031570894,0.383941921687819,0.38603596528848,0.387816499016167,0.389298805135356,0.390528462292019,0.391573996375621,0.392515538678076,0.393434859115312,0.394408353042308,0.395501177408741,0.396761246599388,0.39821376483599,0.399858454902673,0.401671968346277,0.403615636927845,0.405645833271894,0.407723698569382,0.409822174760842,0.411929071593792,0.414045457558386,0.4161802553409,0.418344239550054,0.420546578127304,0.422794076566724,0.42509063785658,0.427434370479627,0.42981272577927,0.432199421566901,0.434556584993306,0.436842134283524,0.439020203928271,0.441071971252501,0.443003728035959,0.444849152021762,0.44666406854324,0.448513771339028,0.450455530920892,0.452521917223134,0.454711072885962,0.456986895027742,0.459289269045933,0.461553376753605,0.46373206739235,0.465807820053723,0.46778389129649,0.469661824238843,0.471425643139717,0.473044523102563,0.474488530975969,0.475745403701331,0.476830261001687,0.477785606979321,0.478673868048117,0.479566777627635,0.480534341289993,0.481634933751278,0.482906954083863,0.484362007640376,0.485980806276951,0.487714880790363,0.489493869710484,0.491232386480467,0.492837280024545,0.494230882964226,0.495399155803596,0.496434527863154,0.497517570271061,0.498822192650436,0.500403638479192,0.50215529986265,0.503874837089577,0.50539705833658,0.506691239711826,0.507856597545549,0.509050524921738,0.510399090203384,0.511905302903975,0.513399635456319,0.514624584693707,0.51544736272369,0.515974937988591,0.516395376802242,0.5167947772793,0.517255793594058,0.517963046852107,0.519045426876273,0.520493552815963,0.522156490451358,0.523807795347838,0.52573380819153,0.529003578765838,0.534116786956304,0.539962708025762,0.546211699391179,0.553907734633359,0.561179281834959,0.565490002224457,0.560563042468,0.565200328207,0.576899260955083,0.546820318259169,0.517916480922576,0.490148218685507,0.463573515057433,0.43821156055841,0.41337509296519,0.3887348383208,0.365391927738942,0.343045864666928,0.318852244329842,0.288039275114539,0.259195034518943,0.228362894765645,0.193928713132486,0.16005608639806,0.131839177012694,0.111035011582908,0.104322647947698,0.0784161227925853,0.0374714835992542,0.010418642039025,1.48780916217521e-05,1.2206057876806e-13,0,0,0,0,0,0,0,0,0,0,0,0,0,0,0,0,0,0,0,0,0,0,0,0,0,0,0,0,0,0,0,0,0,0,0,0,0,0,0,0,0,0,0,0,0,0,0,0,0,0,0,0,0,0,0,0,0,0,0,0,0,0,0,0,0,0,0,0,0,0,0,0,0,0,0,0,0,0,0,0,0,0,0,0,0,0,0,0,0,0,0,0,0,0,0,0,0,0,0,0,0,0,0,0,0,0,0,0,0,0,0,0,0,0,0,0,0,0,0,0,0,0,0,0,0,0,0,0,0,0,0,0,0,0,0,0,0,0,0,0,0,0,0,0,0,0,0,0,0,0,0,0,0,0,0,0,0,0,0,0,0,0,0,0,0,0,0,0,0,0,0,0,0,0,0,0,0,0,0,0,0,0,0,0,0,0,0,0,0,0,0,0,0,0,0,0,0,0,0,0,0,0,0,0,0,0,0,0,0,0,0,0,0,0,0,0,0,0,0,0,0,0,0,0,0,0,0,0,0,0,0,0,0,0,0,0,0,0,0,0,0,0,0,0
0,0.00644940613935445,0.012470738316258,0.0179845966363627,0.0233825588878818,0.0286964672803493,0.0338869010018579,0.0388879098940688,0.0436087274789737,0.0479348034369253,0.0517541174959429,0.0549803869168256,0.057601287750965,0.059689758817869,0.0613627685511758,0.0627750319077924,0.064039916539446,0.0652233468482369,0.0664974957921261,0.0680668785636992,0.0700173592769635,0.072334934586806,0.0749938336973764,0.0779629950957588,0.0812074636828554,0.084679355394976,0.0882571889171902,0.091684818208018,0.0946980727952888,0.0971852694663873,0.0991997107010398,0.100887257203092,0.102408952858091,0.103895052440887,0.105450455014623,0.107170614692081,0.109154625638145,0.111479114496767,0.114158471826864,0.11715756726279,0.120408810528689,0.123848604431526,0.127446768607709,0.131165304512551,0.134921607366199,0.138619390667913,0.142215501376504,0.145740380357693,0.149257756894049,0.152823879745642,0.156464991449563,0.16016400052027,0.163848560625048,0.167397406701732,0.170703409820766,0.173724638968851,0.176460056913186,0.1789147110436,0.181111280447923,0.183112920104446,0.185014977215125,0.186901690181909,0.188794294526433,0.19063691810342,0.192343344455275,0.193858242661024,0.195186409317888,0.196389872041871,0.197565089649661,0.198812438126307,0.200200900136009,0.201733944442557,0.203352229668006,0.204989785410011,0.206633919903134,0.208331652038413,0.210149955538874,0.212129315433528,0.214250465558023,0.216428620904855,0.218561190660253,0.220595284927492,0.222554965736783,0.224517646542645,0.226569334098953,0.228768091822777,0.231130922742565,0.233641743390936,0.236274535372221,0.239008625434305,0.241827089891071,0.244705619961952,0.247607881427759,0.250491380492191,0.253320997180774,0.256079523973029,0.258765098474667,0.261381578984428,0.263937056733186,0.266451919393804,0.26896115485994,0.27150278220815,0.274104609292282,0.276782162025467,0.279543614801602,0.282390034293032,0.285309332069221,0.288273450922379,0.291245316048699,0.294191766558546,0.297093721344277,0.299949488727583,0.302773318437667,0.305591048936741,0.308434022729714,0.311334186996855,0.314320639411507,0.317414314963357,0.320621547887938,0.323932599919437,0.327327019483264,0.330780072903902,0.334265898481994,0.337759162789319,0.341236817420844,0.344677783298369,0.348059920649883,0.351357773869156,0.354543331757957,0.35758770819206,0.360461213297134,0.363132448603491,0.365568772568431,0.367740309392083,0.369628330440992,0.371235028599604,0.372588684876531,0.373740760930072,0.37475729324561,0.37570970904165,0.376668278631099,0.377697578010575,0.378851725062755,0.380169129788275,0.381668132159434,0.383345028901445,0.385176147940521,0.387124063173618,0.38914609660281,0.391203248345234,0.393268291514957,0.395330929463352,0.397397192926226,0.39948261736312,0.401603183457607,0.403769238683336,0.405984181199594,0.408245461711723,0.410544268350477,0.41286346768774,0.415177147385561,0.417454353292177,0.419665798268991,0.421790768709086,0.423822514119545,0.425771282916874,0.427664148406767,0.429540669764817,0.4314443619176,0.433411660391853,0.435461226262226,0.43758662642456,0.439755220743861,0.441916214597871,0.444018601785902,0.446032566385403,0.447960786480393,0.449828114916629,0.451654210737842,0.453430698139255,0.455120738612347,0.45667926984542,0.458077984281777,0.459319573947189,0.460436620742926,0.461482010759393,0.462517866602937,0.463604003495977,0.464788588314665,0.466103846357492,0.467564649710695,0.469167369110482,0.470889808435325,0.472691196213973,0.474509155919265,0.476259644305714,0.477856478001218,0.479255974623343,0.480498263639252,0.481697240062354,0.482969876445661,0.484359077397118,0.485808637324392,0.487200277000053,0.48842784649367,0.489457199900724,0.490326213001264,0.491122646726001,0.49198275593875,0.493054776155771,0.494407144978137,0.496008363362968,0.49783701638975,0.49995624575732,0.502408097509737,0.505141922130257,0.508146030241731,0.511410376742936,0.514723156137088,0.517900569620933,0.520974746990204,0.524015951704296,0.527084194754597,0.530355369301365,0.533396929526265,0.536268189929956,0.539818997054335,0.547273271703352,0.559224108302743,0.573931359001859,0.594456503394484,0.575617819877,0.548681798781211,0.522396759672552,0.49670049195642,0.47166887166584,0.4481714445886,0.4261875838184,0.403251510223729,0.37709482758067,0.345399460356871,0.314881315623287,0.285231127430529,0.254045873608165,0.222176252690362,0.190372223969448,0.160213813715312,0.137636433484869,0.130657966016821,0.102632634618353,0.0616957023414099,0.0326145223019114,0.0101214883767365,8.45571534987671e-06,1.3027864664973e-13,0,0,0,0,0,0,0,0,0,0,0,0,0,0,0,0,0,0,0,0,0,0,0,0,0,0,0,0,0,0,0,0,0,0,0,0,0,0,0,0,0,0,0,0,0,0,0,0,0,0,0,0,0,0,0,0,0,0,0,0,0,0,0,0,0,0,0,0,0,0,0,0,0,0,0,0,0,0,0,0,0,0,0,0,0,0,0,0,0,0,0,0,0,0,0,0,0,0,0,0,0,0,0,0,0,0,0,0,0,0,0,0,0,0,0,0,0,0,0,0,0,0,0,0,0,0,0,0,0,0,0,0,0,0,0,0,0,0,0,0,0,0,0,0,0,0,0,0,0,0,0,0,0,0,0,0,0,0,0,0,0,0,0,0,0,0,0,0,0,0,0,0,0,0,0,0,0,0,0,0,0,0,0,0,0,0,0,0,0,0,0,0,0,0,0,0,0,0,0,0,0,0,0,0,0,0,0,0,0,0,0,0,0,0,0,0,0,0,0,0,0,0,0,0,0,0,0,0,0,0,0,0,0,0,0,0,0,0,0,0,0,0,0,0,0
0,0.00669645832104599,0.012966778507764,0.0187288940997228,0.024388723432859,0.0299825101931175,0.0354761022256588,0.0408084432751587,0.0458916515837401,0.0506162260623727,0.0548712357467751,0.0585616549143248,0.0616677359739505,0.0642487505095294,0.0663987827365012,0.0682585788751943,0.0699082745963357,0.0713855827701626,0.0728678259347512,0.0745805280935551,0.076624553058421,0.0789899399222566,0.0816377173580329,0.0845257128805627,0.0876357320118925,0.0909466815129164,0.0943517336549933,0.0976209872205787,0.100523167376842,0.102961356436902,0.104973529921641,0.106670831589646,0.108177934634704,0.109599267458623,0.111025927155389,0.112548726921458,0.114268941494009,0.116268797476194,0.118569564501444,0.121142763500073,0.123917934800124,0.126819634854715,0.129814312683996,0.132875716031166,0.135938244105276,0.138915610847226,0.141763969824315,0.144504247442241,0.147186675191365,0.149855923856415,0.152533236721173,0.155207377988593,0.157819774102361,0.160260334811317,0.162430553279623,0.164304327077162,0.165909828502964,0.16729322688243,0.168517804045871,0.169666932065587,0.170828581368023,0.172063903460082,0.173371667339232,0.174685596323153,0.175929378684281,0.177077210790347,0.178168234502995,0.179284788088901,0.180519576531272,0.181947151408818,0.183598464040048,0.185440292058146,0.187390945820198,0.189379669227231,0.19139480719444,0.19347490431125,0.19566728414118,0.197995482983438,0.200429614925072,0.202889630666872,0.20529183425662,0.207605361089735,0.209865909182185,0.212143917601992,0.214507569313396,0.216998573603449,0.219624190144334,0.222370430412528,0.22521797897573,0.228147672391679,0.231135875973563,0.234151412027185,0.23715726883895,0.240117902174468,0.243008990054858,0.245822273898646,0.248559706587143,0.251225066909275,0.253826541455212,0.256386711830898,0.25894161437308,0.261525432165565,0.264158652562398,0.266850630785145,0.269605970996986,0.272423734668817,0.275291863842427,0.278186062053353,0.281077058421367,0.283941169453313,0.286767451053927,0.289559936488747,0.292336172725317,0.295121953204884,0.297944501046718,0.300828619506931,0.303795240532683,0.30685762750332,0.310016175309171,0.313258526875304,0.316566032021369,0.319919294594829,0.323298469520337,0.326682030707575,0.330047295230091,0.333370378440735,0.336624232381448,0.339778231732346,0.342801251153266,0.345665308278727,0.3483468954849,0.350826500152139,0.353088110833175,0.355120425017102,0.356920678192414,0.358499162968559,0.359881057487064,0.36110467358206,0.362218290864696,0.363277380904026,0.364341349258496,0.365467741802722,0.366704336969501,0.368082700156705,0.369615203629037,0.371295166713244,0.37310040291455,0.374999857379189,0.376961268293689,0.37895812171261,0.380975225840749,0.383011198806969,0.38507546501869,0.387180293962302,0.389332776474509,0.391531600379885,0.39376882213497,0.396032697409761,0.39830792720241,0.400574315362519,0.402808010291795,0.404986876022886,0.407096805554114,0.40913517849486,0.411110880696762,0.413042234360457,0.41495387415536,0.416872797832972,0.418823674099377,0.420823989288247,0.422879233154505,0.424978342692348,0.427091536487839,0.429175471852617,0.431189482259532,0.433117396672814,0.434979152897473,0.436818070338158,0.438667677985188,0.440522329263618,0.442334687225052,0.444039974776981,0.445587714474189,0.446962369273913,0.448185918416326,0.449305832707265,0.450375983018317,0.451439272631542,0.452521789202862,0.453639948215831,0.454810307395689,0.456052772435391,0.457384935315935,0.458808398447327,0.460293399295708,0.46177769551434,0.463191526082812,0.464498765606062,0.46572918045822,0.466973314753481,0.468333763240047,0.469864674778688,0.471539416587376,0.473258337600356,0.474905408186183,0.476421668882479,0.477814384119389,0.479118264165661,0.480393218475052,0.481734170838833,0.483216179070705,0.484837364431707,0.486558497925228,0.488417131851875,0.490592466533739,0.49333390264117,0.496809893645937,0.5009072589047,0.50512754638666,0.508948584499925,0.512276371108838,0.515736385626461,0.52031369197383,0.526218766851232,0.532452188600635,0.537461789875763,0.545199737342882,0.557531253096187,0.576262334228759,0.601625084993984,0.582331974131104,0.561338852804765,0.540098151477983,0.517550741390634,0.492567710095424,0.464623637829092,0.432967378495436,0.401347396974482,0.371148364018012,0.341457491906274,0.310641954136841,0.279247658562825,0.247756947131269,0.216621590350892,0.186901681944657,0.160550605465382,0.139870080360165,0.131422159214883,0.104861099246758,0.0630072312600253,0.0315805060411524,0.0100247508016492,4.53136511466286e-06,1.08075922914973e-13,0,0,0,0,0,0,0,0,0,0,0,0,0,0,0,0,0,0,0,0,0,0,0,0,0,0,0,0,0,0,0,0,0,0,0,0,0,0,0,0,0,0,0,0,0,0,0,0,0,0,0,0,0,0,0,0,0,0,0,0,0,0,0,0,0,0,0,0,0,0,0,0,0,0,0,0,0,0,0,0,0,0,0,0,0,0,0,0,0,0,0,0,0,0,0,0,0,0,0,0,0,0,0,0,0,0,0,0,0,0,0,0,0,0,0,0,0,0,0,0,0,0,0,0,0,0,0,0,0,0,0,0,0,0,0,0,0,0,0,0,0,0,0,0,0,0,0,0,0,0,0,0,0,0,0,0,0,0,0,0,0,0,0,0,0,0,0,0,0,0,0,0,0,0,0,0,0,0,0,0,0,0,0,0,0,0,0,0,0,0,0,0,0,0,0,0,0,0,0,0,0,0,0,0,0,0,0,0,0,0,0,0,0,0,0,0,0,0,0,0,0,0,0,0,0,0,0,0,0,0,0,0,0,0,0,0,0,0,0,0,0,0,0,0,0,0
0,0.00729045617813814,0.0141342288097465,0.0204446017006646,0.0266564351540802,0.0328136187981671,0.0388811109730974,0.0447895789326302,0.0504402280116366,0.0557184652054679,0.0605004709477456,0.06467169570749,0.0682003825264986,0.071129171015421,0.0735280626601752,0.0755314745712255,0.0772020319183832,0.0785691481773814,0.0798352929769,0.0812589359340655,0.0829644119067225,0.0849558341404833,0.0871911514901668,0.0896093530599848,0.0922046787592777,0.0949886909614603,0.0978950835428082,0.100709332152364,0.103185762801681,0.105207034217831,0.106792591326764,0.108037036985864,0.10905306308603,0.109939187668172,0.110783444345318,0.111674222277168,0.112712311097626,0.113981823163716,0.115509294988087,0.117273500942275,0.119203979125228,0.121218339613631,0.123287349323037,0.125413405733573,0.127578642889763,0.129741315825556,0.131878219366391,0.134004218989979,0.136147571604808,0.138326432471811,0.140540293916465,0.142767223369054,0.144944877615303,0.146958406481055,0.148708583683868,0.150184062789301,0.151445249067535,0.152576278797405,0.153664614223904,0.154789232267821,0.156009206205708,0.157351446376855,0.158791143891954,0.160255510558004,0.161680198212493,0.163063812251887,0.1644682693204,0.165984395682235,0.167694039977507,0.16964439161585,0.171832287294407,0.174197978790091,0.176651047508938,0.17912499685771,0.181608864454908,0.184128348974435,0.186711142103853,0.189362049459739,0.192047818277662,0.194706344481809,0.197286886589245,0.199787323269677,0.202251895389765,0.204740285814792,0.20729974823993,0.209952928322519,0.212701233503467,0.215536802642508,0.2184492491131,0.221421337541445,0.224424010703765,0.2274205720268,0.230377418761055,0.233273293422639,0.23610246384673,0.2388697790536,0.241580657393909,0.244237146050972,0.246846314291593,0.249429834195565,0.252019135368726,0.25464007963224,0.257305432569263,0.260019335363999,0.262782742300635,0.265591780815992,0.268433674276806,0.271287748739035,0.274131872256514,0.276950874626971,0.279742695064979,0.282519639606026,0.285304373763916,0.28812218278805,0.290994138693592,0.293935494088335,0.29695682088627,0.300061998619363,0.303244610389105,0.306489921914611,0.309782123172377,0.313108223046737,0.316455033000999,0.319804931949333,0.323134857707733,0.326416205096836,0.329614118406202,0.332689297838276,0.335603220570986,0.338323359836093,0.340826362747623,0.343099754662242,0.345142288453902,0.346963237033025,0.348581868565599,0.350026692376993,0.351333006488407,0.352539426689247,0.353685793165874,0.354812769066598,0.355960937159444,0.357167312426199,0.358460507074272,0.359858338518342,0.361368520428062,0.362990079997979,0.36471517887427,0.366531835648336,0.368426664045875,0.370387162207416,0.372403862593754,0.374471457441327,0.37658730646783,0.378747840999149,0.380945863349597,0.383170686954298,0.385409799289022,0.387649213112065,0.38987166851499,0.392055744913465,0.394179692076492,0.396229040495856,0.398202395517457,0.400111310429319,0.40197544114572,0.40381688715232,0.40565647425578,0.407512062860902,0.409397241327788,0.411319520866001,0.413277719793393,0.415258274910362,0.417233080641476,0.419165275984329,0.421025973527082,0.422814232125368,0.424564969949313,0.42633334182274,0.428160299811755,0.430042274487987,0.431928450792991,0.433746902276002,0.435439020563114,0.436980448245746,0.438381716629224,0.439676130127954,0.440903692281976,0.442096952193955,0.443275964963344,0.444453168004041,0.445640756310539,0.446858989868531,0.448143649343096,0.449539983018491,0.451077201323829,0.452743018160392,0.45448176736678,0.45621980178908,0.457908231768199,0.459558213146928,0.461238717311412,0.463028871979422,0.464956601089711,0.466955988391068,0.468896721644036,0.470705242597297,0.472451501529598,0.47430546098933,0.476439773965049,0.478961824951788,0.481860253276435,0.484975731478784,0.488076557707466,0.491082904532951,0.494232761725845,0.497866368284213,0.502218514918059,0.507598533451929,0.514099126719727,0.520893575253996,0.526910210090573,0.532496496154967,0.539623340861716,0.549995475775742,0.560710864541879,0.569062413798532,0.575346246971705,0.590027513047075,0.612359245985669,0.586366567693925,0.559664074902743,0.533201327127139,0.506661010668962,0.479518039854524,0.451329064464888,0.42219338657384,0.392116119833469,0.362323603504619,0.333110773742808,0.304143364412904,0.27454049598392,0.244014214654964,0.213948382890507,0.18625088135707,0.165912703801268,0.157393037399072,0.12855145939808,0.0886232933022332,0.055617049632777,0.0305671335540366,0.00998183782260403,1.76752304098549e-06,7.42006186929461e-14,0,0,0,0,0,0,0,0,0,0,0,0,0,0,0,0,0,0,0,0,0,0,0,0,0,0,0,0,0,0,0,0,0,0,0,0,0,0,0,0,0,0,0,0,0,0,0,0,0,0,0,0,0,0,0,0,0,0,0,0,0,0,0,0,0,0,0,0,0,0,0,0,0,0,0,0,0,0,0,0,0,0,0,0,0,0,0,0,0,0,0,0,0,0,0,0,0,0,0,0,0,0,0,0,0,0,0,0,0,0,0,0,0,0,0,0,0,0,0,0,0,0,0,0,0,0,0,0,0,0,0,0,0,0,0,0,0,0,0,0,0,0,0,0,0,0,0,0,0,0,0,0,0,0,0,0,0,0,0,0,0,0,0,0,0,0,0,0,0,0,0,0,0,0,0,0,0,0,0,0,0,0,0,0,0,0,0,0,0,0,0,0,0,0,0,0,0,0,0,0,0,0,0,0,0,0,0,0,0,0,0,0,0,0,0,0,0,0,0,0,0,0,0,0,0,0,0,0,0,0,0,0,0,0,0,0,0,0,0,0,0,0,0,0,0,0,0
0,0.00706809331165404,0.0137123131456694,0.0198785854750564,0.0259950611061178,0.0321135299234751,0.0381988031386869,0.0441759814800185,0.0499281877761824,0.0553269532427253,0.0602453190920762,0.064554528153522,0.0682111493494148,0.0712328762126078,0.0736523072538547,0.0755874433999676,0.077080977358101,0.0781585353405536,0.0790465550309682,0.0800224901349231,0.0812254168510819,0.0826751147962123,0.0843277583265772,0.0861071709316429,0.0880256725895709,0.0901318118852933,0.0924119919157539,0.0946892451922297,0.0967287284689723,0.0984093440096976,0.0997324862497953,0.10076399418289,0.101590788603938,0.102293688135677,0.102947538884419,0.103631335425167,0.10443949550914,0.105450951083086,0.106690884994947,0.108137278073263,0.10970959915444,0.111309067177193,0.112904161270639,0.1145283471725,0.116225533889765,0.118015014567144,0.119900621170814,0.121887292753802,0.123974041074778,0.126145731844912,0.128375621114281,0.13063191440166,0.132855760942743,0.13493445045331,0.136765906767453,0.138343841960489,0.139747574387877,0.141083009688235,0.142446107517798,0.143900627052719,0.14547272964349,0.147159192502627,0.148923309302272,0.15069941182849,0.152440971773514,0.15416574387472,0.155948750689043,0.157882649906107,0.16003659776692,0.162431941993218,0.165036721976697,0.16777605675476,0.170566661415167,0.173359068560547,0.176147658223655,0.178944987216711,0.181757162176693,0.184572940861632,0.18735954734358,0.190076957038123,0.192709563870671,0.195282352945995,0.197843536604846,0.200435690754905,0.203081237082351,0.205785465024927,0.208548486744123,0.211373976077071,0.214263292301403,0.217200748186513,0.220150511928285,0.223072383670699,0.225942026046668,0.228757639436067,0.231530860974642,0.234273104888314,0.236988032619864,0.239675196624218,0.24234064698949,0.2450015656899,0.247678282263679,0.250382892520399,0.253117096993622,0.255878060340619,0.258661827315608,0.261461612914672,0.264266591901696,0.267063996589657,0.269843699270209,0.272603462141713,0.275352877555918,0.278111918890082,0.280905031963691,0.283753315990733,0.28666892194935,0.289655516226024,0.292711505879729,0.295829873869283,0.298996748084335,0.30219556085937,0.305414992808926,0.308651218477439,0.311901569406013,0.315156783799062,0.318397559480223,0.321593798290889,0.324704730115981,0.327681711607511,0.330473781117612,0.333033997879286,0.335326665522147,0.337335192766209,0.339066862964265,0.340551623055678,0.341836254252458,0.342976587090705,0.344029607678778,0.345047445218569,0.346074798023459,0.347148715455002,0.348298111098184,0.349541871573578,0.350887734492744,0.352335241434716,0.353881268590249,0.355523622113014,0.357261720236195,0.359095518923108,0.361023127360386,0.363038254021378,0.365129484127107,0.367281715829316,0.369478192482628,0.37170218577016,0.37393883389032,0.376176817509816,0.378408176842311,0.380625164937893,0.382815733262484,0.38496221681793,0.387046345301455,0.389057719737077,0.390999301124139,0.392886266194354,0.394739907933771,0.396581148451031,0.398427444267399,0.400292814891964,0.402187708903979,0.404116991360571,0.406076552357511,0.408050006078883,0.410009088484615,0.411922778794071,0.413774822152929,0.415579510389637,0.417382442158647,0.41924031034543,0.421187924353961,0.423213736889824,0.425263328821733,0.427267242289438,0.429170023446429,0.43094342671453,0.432584527054244,0.43410844982048,0.435539748474286,0.436901631077362,0.438208861139048,0.439469365879854,0.440692595720102,0.441905094607708,0.443167368366187,0.444570082749603,0.446199379793666,0.448092024359605,0.450208096060729,0.452440020645099,0.454663128173828,0.45680589779559,0.45889399808096,0.46102599788838,0.463297066263163,0.465704684649817,0.468112253868764,0.47035657906271,0.472410979717406,0.474440091969475,0.476744130207391,0.47965246313708,0.483361427240646,0.487760566298778,0.492475047588668,0.497249171618635,0.502203711243455,0.507554848926279,0.513378361826695,0.519874879053988,0.527235579242467,0.534968381395395,0.541831369676877,0.547858899111118,0.556538249323536,0.571905502745319,0.59129328601162,0.59990882082459,0.606456546261801,0.613826826244115,0.587442559567774,0.560147125655437,0.532579444863225,0.504864795838999,0.476853492397063,0.448411768714059,0.419444699196908,0.390171332344568,0.360798639933091,0.331243366121837,0.301602548114796,0.272277725013235,0.243282992055133,0.214696953337402,0.188991906920377,0.167938558383218,0.157740330358595,0.131060836886489,0.0902828507406385,0.0542001870108651,0.0303403129108724,0.0100270856369693,6.72636906199844e-07,4.34262155499375e-14,0,0,0,0,0,0,0,0,0,0,0,0,0,0,0,0,0,0,0,0,0,0,0,0,0,0,0,0,0,0,0,0,0,0,0,0,0,0,0,0,0,0,0,0,0,0,0,0,0,0,0,0,0,0,0,0,0,0,0,0,0,0,0,0,0,0,0,0,0,0,0,0,0,0,0,0,0,0,0,0,0,0,0,0,0,0,0,0,0,0,0,0,0,0,0,0,0,0,0,0,0,0,0,0,0,0,0,0,0,0,0,0,0,0,0,0,0,0,0,0,0,0,0,0,0,0,0,0,0,0,0,0,0,0,0,0,0,0,0,0,0,0,0,0,0,0,0,0,0,0,0,0,0,0,0,0,0,0,0,0,0,0,0,0,0,0,0,0,0,0,0,0,0,0,0,0,0,0,0,0,0,0,0,0,0,0,0,0,0,0,0,0,0,0,0,0,0,0,0,0,0,0,0,0,0,0,0,0,0,0,0,0,0,0,0,0,0,0,0,0,0,0,0,0,0,0,0,0,0,0,0,0,0,0,0,0,0,0,0,0,0,0,0,0,0,0,0,0
0,0.0064138851826551,0.0124443984302356,0.0180970360897328,0.0237726947778417,0.0295317461481611,0.0353342171514411,0.0410952307562655,0.0466791315259479,0.0519432531068996,0.0567575599371737,0.0609842716522586,0.0645787712781728,0.0675407443475953,0.0698729172433596,0.071689410738024,0.0730451507674632,0.0739580036289621,0.0746355251695343,0.0753226350794297,0.0761504323735674,0.0771493121478572,0.0782682772632274,0.0794232553125912,0.0806542541165015,0.0820468442918232,0.0836395479680006,0.0853199782220662,0.0869169844205391,0.088339915872979,0.089570728465856,0.0906260713100998,0.0915453493295258,0.0923761385734057,0.0931696041161949,0.0939902517886859,0.0949223240035819,0.0960370539817264,0.0973629343348088,0.0988846700153063,0.10051493583526,0.102134407653889,0.103700110699217,0.105266140966124,0.106925371692792,0.10874386650817,0.110740138058113,0.112902087395081,0.115198901730744,0.117584829534741,0.120010299615302,0.122441234586498,0.124835709165886,0.127097760630981,0.129129991659394,0.130928308574283,0.132580410801094,0.134200592451653,0.135882863488696,0.137671771103462,0.13956214375643,0.141526879612784,0.143529077753629,0.145524626845973,0.147494300142496,0.149474659007464,0.151545163448119,0.153788762204607,0.156253453657174,0.158932802026928,0.161771137521005,0.164688887467829,0.167622116130927,0.170547863905984,0.173470096638492,0.176388098660187,0.179283504053726,0.182125424131586,0.184880723702915,0.18753394187269,0.190106084941709,0.192646412955596,0.195201623414237,0.197792501810313,0.20041535822407,0.203061332760756,0.205735199039113,0.208456013160237,0.211235825095245,0.214057922598583,0.216880517178288,0.219664606206861,0.222399089666497,0.225099920879377,0.22778948180638,0.230480161954964,0.233172949753901,0.235865606530882,0.238560956014466,0.241267692317214,0.243993766700883,0.246740084129957,0.249501089287542,0.252269456227758,0.255038033502833,0.257799592106261,0.260548520571755,0.263283349251344,0.266008007348787,0.268733260081731,0.271476806117048,0.274262084109998,0.277112092928287,0.280041678983925,0.283052375956538,0.286134041082408,0.289270263959791,0.292441196464246,0.295625367564931,0.298805848902216,0.301977792664117,0.30514846996321,0.308327814348215,0.311516724778039,0.314699976919878,0.317844375627516,0.320900587622046,0.323808248195998,0.32650299638312,0.328924399434131,0.331026346722459,0.332789245331717,0.334228124989133,0.335391661817406,0.336352973785887,0.337196350971552,0.33800410049733,0.338846752453262,0.339778180281411,0.340834119801468,0.342031599600816,0.343368994315088,0.344829402372646,0.346389546423767,0.348030336003679,0.349742892222065,0.351528806257843,0.353396397531279,0.355354093358622,0.357403195500863,0.359533700274127,0.361725009436428,0.363950531160394,0.36618440108788,0.368408230143485,0.370614565807576,0.372804326452507,0.374978976094151,0.377132249750659,0.379247832307733,0.381305621523353,0.383292098361897,0.38520730034858,0.387064497943727,0.388884468516753,0.390689100795311,0.392498248417818,0.394329457809375,0.396196360998899,0.398104213431641,0.400045386527799,0.401998463308542,0.403934173680036,0.405829644721147,0.407686011052701,0.409536819496571,0.411436985079101,0.413435745702435,0.415548996176561,0.417748028335503,0.419974074381042,0.422168325374754,0.424292846087394,0.426330483918669,0.428273611759726,0.430117003948268,0.431858290636056,0.433500430234405,0.435053198152557,0.436533412693707,0.437967794251443,0.439402944465092,0.440913293488119,0.442589103219108,0.444508381400454,0.446707989594591,0.449159686675885,0.451769024547271,0.454418301096805,0.457034447242507,0.459628186239759,0.462271390419956,0.465057584117628,0.468054468100456,0.471244517475744,0.474534082029958,0.477845132397881,0.481179093813258,0.484629570411654,0.488382765615717,0.492643675386037,0.497504654147673,0.502949574478061,0.509020912460984,0.515755713746695,0.522951002214235,0.530308336824222,0.537831597074545,0.545905150654179,0.554828520865848,0.564038257571968,0.571368209132939,0.579674264077608,0.592322901032489,0.611186901105733,0.636213524205483,0.617139917405451,0.591127066837502,0.564292810823467,0.536772858565804,0.508586814048701,0.479687896870269,0.450113932080933,0.420084162944571,0.389834108607563,0.359617196254895,0.329544068472504,0.29967118602049,0.271094756906343,0.245764513140033,0.225994538381599,0.209572713374313,0.178112100822355,0.140842934651431,0.105776947146706,0.0771194638780336,0.0514126174236872,0.0301234786775512,0.0100829465889838,2.87794869563971e-07,2.19647159765538e-14,0,0,0,0,0,0,0,0,0,0,0,0,0,0,0,0,0,0,0,0,0,0,0,0,0,0,0,0,0,0,0,0,0,0,0,0,0,0,0,0,0,0,0,0,0,0,0,0,0,0,0,0,0,0,0,0,0,0,0,0,0,0,0,0,0,0,0,0,0,0,0,0,0,0,0,0,0,0,0,0,0,0,0,0,0,0,0,0,0,0,0,0,0,0,0,0,0,0,0,0,0,0,0,0,0,0,0,0,0,0,0,0,0,0,0,0,0,0,0,0,0,0,0,0,0,0,0,0,0,0,0,0,0,0,0,0,0,0,0,0,0,0,0,0,0,0,0,0,0,0,0,0,0,0,0,0,0,0,0,0,0,0,0,0,0,0,0,0,0,0,0,0,0,0,0,0,0,0,0,0,0,0,0,0,0,0,0,0,0,0,0,0,0,0,0,0,0,0,0,0,0,0,0,0,0,0,0,0,0,0,0,0,0,0,0,0,0,0,0,0,0,0,0,0,0,0,0,0,0,0,0,0,0,0,0,0,0,0,0,0,0,0,0,0,0,0,0,0,0
0,0.00576505879089504,0.0111782706231801,0.0163112100077771,0.021536306522463,0.0269290191833593,0.0324400049912523,0.0379660428739223,0.0433552364737677,0.0484540481511374,0.0531275650172925,0.057231318151764,0.060726464775613,0.0635966512999178,0.0658174602511774,0.067508047056451,0.068750491284417,0.0695970288699636,0.070239485830018,0.0708664194275081,0.0715970356068093,0.0724565709989767,0.0733556851313337,0.0741795091947523,0.0749823161048607,0.0758771270456772,0.0769460243854638,0.0781556048538512,0.0794253127162543,0.0807016398335087,0.081937446329634,0.0830908619678203,0.0841551680596362,0.0851531309915681,0.0861183903734077,0.0871037823197508,0.0881826235122007,0.0894181533870122,0.0908496887316939,0.0924798379396357,0.0942270490535153,0.0959608293172959,0.097627643175718,0.0992933665633077,0.101079126339112,0.103071808262995,0.105284771196593,0.107681315268761,0.110204653461144,0.112788027520936,0.115368625442523,0.117917323310658,0.120416429941175,0.122799086011439,0.124985435951681,0.126975644437138,0.128854967701771,0.130729571386119,0.132677576789421,0.134718752517937,0.136819880831244,0.138937961964002,0.141045235519934,0.143129530152489,0.145207757338251,0.147337109793453,0.149594599923248,0.152042136211736,0.15469750401873,0.157524119199687,0.160447466583745,0.163393385575308,0.166327743405642,0.169259840103263,0.172204222639338,0.175146494416897,0.178043319362322,0.18084316995643,0.183511948415311,0.186058437979106,0.188537501166041,0.191016445663723,0.193534133980576,0.196088123453889,0.198654073255503,0.201217612538645,0.203792470524569,0.206409235181717,0.209083519557084,0.21179500961544,0.214500248658825,0.217167400555032,0.21979821027044,0.222417872413225,0.225050019044601,0.227703922684097,0.230378000785416,0.233068084484229,0.235772095132578,0.238489080604935,0.241215972179371,0.243946322733841,0.246672300605051,0.24938707649785,0.252084497890193,0.254759431578349,0.257412136088713,0.260051826666736,0.262695400699755,0.265364495209685,0.268083179030893,0.270874903402505,0.273758131646716,0.2767402265744,0.279813045575064,0.282955198860985,0.286138963366457,0.289336140687138,0.292522934837495,0.295686296889973,0.298828394184219,0.301963439764284,0.30510684271548,0.308262520320545,0.311414437039954,0.314524608489244,0.317536441225266,0.320381462541275,0.322987514419613,0.325288352399648,0.327236534560856,0.328817409373995,0.330056841098206,0.331018321286235,0.331791958592264,0.332479977352542,0.333181948889961,0.333982287433149,0.334942075277264,0.336094951076661,0.337445622115458,0.338971459346812,0.340630204817417,0.342374807117786,0.344169258286081,0.345997331629193,0.347862664936742,0.349782611453377,0.351777633706411,0.353859271970131,0.356021728223562,0.358240835320822,0.360481140950436,0.362708817427295,0.364904460621972,0.367067980727205,0.369212073646858,0.371348615158564,0.37347695851594,0.375581506807532,0.377639409288203,0.379632431614997,0.381555449923554,0.383417711064665,0.38523820667402,0.387039609846832,0.388844719417863,0.390674677835823,0.392544532014903,0.394456346764393,0.396395844794963,0.398336846523559,0.400253568321198,0.402137954031973,0.404013829196557,0.405935078894839,0.407962153916518,0.410129242642237,0.412423794645293,0.414790860538997,0.417161233290407,0.419486002272478,0.421750397996452,0.423958182332947,0.426106245919752,0.428175290884207,0.43014255785853,0.43200261058895,0.433777309050375,0.435509291243379,0.437253502476372,0.43907545829714,0.441043752538869,0.443212463276966,0.445613741296913,0.448258613248114,0.451121569630361,0.454128614345306,0.457197368725768,0.460311535792642,0.463540637705662,0.466956689338145,0.470561608629008,0.474311981251808,0.478175138657993,0.482174862030788,0.486422242968569,0.491077439600852,0.496239895361803,0.501894310009353,0.507966772348217,0.514408417911229,0.521280115625107,0.528756247467908,0.537121096969777,0.546684208397966,0.557048206959413,0.566859363704483,0.576279884863946,0.58732352906308,0.599115654717736,0.609438933787123,0.616620081773315,0.631488076210517,0.658283680562053,0.634928006788947,0.609099656027871,0.58208165934992,0.554063212713279,0.525062490984827,0.494973342892466,0.463821723504163,0.431934866562152,0.399836587140079,0.367899320674909,0.336416736706114,0.306055692773911,0.278370712776764,0.255079879091425,0.234913633796109,0.204200469385739,0.171642358802193,0.135010117003205,0.0999538998129734,0.0726310398110962,0.0504031110699505,0.0301990035221878,0.0101542809094701,1.031858224854e-07,9.63591409869047e-15,0,0,0,0,0,0,0,0,0,0,0,0,0,0,0,0,0,0,0,0,0,0,0,0,0,0,0,0,0,0,0,0,0,0,0,0,0,0,0,0,0,0,0,0,0,0,0,0,0,0,0,0,0,0,0,0,0,0,0,0,0,0,0,0,0,0,0,0,0,0,0,0,0,0,0,0,0,0,0,0,0,0,0,0,0,0,0,0,0,0,0,0,0,0,0,0,0,0,0,0,0,0,0,0,0,0,0,0,0,0,0,0,0,0,0,0,0,0,0,0,0,0,0,0,0,0,0,0,0,0,0,0,0,0,0,0,0,0,0,0,0,0,0,0,0,0,0,0,0,0,0,0,0,0,0,0,0,0,0,0,0,0,0,0,0,0,0,0,0,0,0,0,0,0,0,0,0,0,0,0,0,0,0,0,0,0,0,0,0,0,0,0,0,0,0,0,0,0,0,0,0,0,0,0,0,0,0,0,0,0,0,0,0,0,0,0,0,0,0,0,0,0,0,0,0,0,0,0,0,0,0,0,0,0,0,0,0,0,0,0,0,0,0,0,0,0,0,0,0,0
0,0.00528134709896664,0.0102239083612894,0.0149516089009388,0.0198129055739413,0.02490967133533,0.0301847455646999,0.0355074924241179,0.0407071046233362,0.0456343809641409,0.0501567932086979,0.0541314425719206,0.0575334560320174,0.0603304822321489,0.0624709079265144,0.0640815320626993,0.0652794630852023,0.0661864195513475,0.0669690994037616,0.0677334920511861,0.0685781432130385,0.0695259387371957,0.0704549118491224,0.0712172132926293,0.0718664862097892,0.0725276289949236,0.073311748136697,0.0742602965003675,0.0753686630874661,0.0766031524611226,0.0778836569949627,0.079117214534859,0.0802692051685801,0.0813567781478206,0.0824079483348464,0.0834708919708263,0.0846099180124909,0.0858793952120807,0.0873308330331989,0.0889873292171298,0.0907836608872108,0.092594589119198,0.0943631408341027,0.0961574687684549,0.0981049295639998,0.100291159684346,0.102711534306229,0.105301119576742,0.107981226706406,0.110673683683786,0.113311851507424,0.115876222354589,0.118376844786103,0.120786875224668,0.123056819434409,0.125191931324395,0.1272628886536,0.129352235014857,0.131511542837654,0.133733526216202,0.135961141270401,0.138141198454273,0.140260570016552,0.142346126472281,0.144456239895166,0.146666599392492,0.149043592621857,0.151619984649403,0.154380068474392,0.157259316404294,0.160170584975966,0.163053363875284,0.16590909982665,0.168779546903023,0.171686611926705,0.174598770139657,0.177446376998485,0.180160265798249,0.182710928245781,0.185132551537797,0.187506754065131,0.189909140323672,0.192366817715033,0.194859082038608,0.197351575866089,0.199833121189298,0.202326219764104,0.204865426674558,0.20746389142671,0.210099174516887,0.212731579532597,0.215337188286916,0.217923471156255,0.220515538676737,0.223133264894707,0.22578255233762,0.228460308680456,0.231161023477173,0.233878763795192,0.236605218649365,0.239329363020897,0.24204074451657,0.244732791128097,0.247402484895403,0.250046893130314,0.252663282047902,0.255255796805481,0.257840340821842,0.260441751657663,0.263087496746211,0.26580309559132,0.268608235527937,0.271514449964787,0.274520921562334,0.27761164960851,0.280758139000087,0.28392689263683,0.287087362215243,0.290218763721387,0.293314688467821,0.296382603665962,0.299437391764198,0.302491337625161,0.305543672955606,0.30857340547824,0.311538466462926,0.314380236334292,0.317030496507266,0.31941944482542,0.321485931374288,0.323191160846188,0.324532029046631,0.325546821121804,0.326310751505036,0.326924693759932,0.327500964513526,0.328148193757048,0.328957426531922,0.329991944825981,0.331281419878829,0.332819622493119,0.3345668350691,0.336460358205963,0.338433553079794,0.340435708918775,0.342442964009274,0.344458066807883,0.346502047072173,0.348600647282867,0.350769465952684,0.353003501945636,0.355275853829404,0.357547298475992,0.359783628456975,0.361971381043316,0.364121382794378,0.366257784431239,0.368400765254224,0.370554261999678,0.372705056394456,0.374831334101067,0.376913628319876,0.378941865325183,0.380916758064605,0.382847911988274,0.384751455136423,0.386648427399667,0.388561876935692,0.390508922693497,0.392490773237417,0.394490088647029,0.39648038786188,0.398443513958694,0.400387496938779,0.40235534735034,0.404414706162098,0.406626878869924,0.409011755333383,0.411533309847523,0.41411555677018,0.416680413162513,0.41918515160356,0.421632217057954,0.424044474258327,0.426429890376479,0.428769116484763,0.431034853014234,0.433224282349977,0.435377152079431,0.437568074652492,0.439883822812445,0.442393302600897,0.445118192557076,0.448032719943275,0.451105874450728,0.454339259584191,0.457747364003593,0.461304664453805,0.464949280080611,0.468667957608669,0.472561632778142,0.476766311905368,0.481312949774127,0.486096387072819,0.490949596941832,0.495754976811016,0.500570990050575,0.50568285271145,0.511468629237097,0.518103879569401,0.525406054738736,0.53300605287856,0.540682950283628,0.54848071331906,0.556629384701741,0.565577571337727,0.574916708651042,0.58321137028126,0.591734573922107,0.604800720841432,0.621317215072116,0.628754822389148,0.635024891685014,0.643414918519359,0.616949246227945,0.588910407308009,0.559687164544946,0.5296193113129,0.499112996179985,0.468391356244047,0.437423174058807,0.406215814091322,0.37494164302066,0.343779196534607,0.312796068445758,0.282134905338037,0.252156513417533,0.223523452190831,0.197068857118374,0.173258665154645,0.148723669121452,0.121906736783562,0.0957098739369696,0.0716778414049222,0.0502661959584441,0.0303751342072148,0.0102343844956253,3.10496020651875e-08,3.65511914470378e-15,0,0,0,0,0,0,0,0,0,0,0,0,0,0,0,0,0,0,0,0,0,0,0,0,0,0,0,0,0,0,0,0,0,0,0,0,0,0,0,0,0,0,0,0,0,0,0,0,0,0,0,0,0,0,0,0,0,0,0,0,0,0,0,0,0,0,0,0,0,0,0,0,0,0,0,0,0,0,0,0,0,0,0,0,0,0,0,0,0,0,0,0,0,0,0,0,0,0,0,0,0,0,0,0,0,0,0,0,0,0,0,0,0,0,0,0,0,0,0,0,0,0,0,0,0,0,0,0,0,0,0,0,0,0,0,0,0,0,0,0,0,0,0,0,0,0,0,0,0,0,0,0,0,0,0,0,0,0,0,0,0,0,0,0,0,0,0,0,0,0,0,0,0,0,0,0,0,0,0,0,0,0,0,0,0,0,0,0,0,0,0,0,0,0,0,0,0,0,0,0,0,0,0,0,0,0,0,0,0,0,0,0,0,0,0,0,0,0,0,0,0,0,0,0,0,0,0,0,0,0,0,0,0,0,0,0,0,0,0,0,0,0,0,0,0,0,0,0,0,0,0
0,0.00501214424955181,0.0096820437698881,0.0141562697361247,0.0187636455235526,0.0236454420002447,0.0287391640937624,0.0338914541757815,0.0389190053798141,0.0436815395602672,0.0480533643841783,0.0519021818245676,0.0552241768042063,0.0579712352225625,0.0600678966773204,0.0616533943762323,0.0628930509561477,0.0639856072014445,0.065048064197967,0.0660802710044272,0.0671537807492639,0.068303150477083,0.0693962258275654,0.0702617019536841,0.0709395068079578,0.0715500028728214,0.0722178834593733,0.0730425879434816,0.0740753390897723,0.0752959123404311,0.0766012663261986,0.0778623225908891,0.0790305226491597,0.0801292823236663,0.0811889714472899,0.0822582338295351,0.0833927288080598,0.08463424487205,0.0860422703223904,0.0876569589922645,0.089436284011241,0.0912794802569734,0.093136368189784,0.0950652663257961,0.0971754223144724,0.0995325657799923,0.102108887197586,0.104815415227861,0.107560184285305,0.110262650276615,0.112858378742194,0.115337950915183,0.11773817714942,0.120079983536392,0.122357257263593,0.124582769423108,0.126801908775085,0.129060657638566,0.131376960007814,0.1337178301792,0.136008884768309,0.138192138342277,0.140272227995387,0.142317596704765,0.144427253804606,0.146689561533812,0.149152828845758,0.151815218775143,0.154627205098401,0.157503116098549,0.160355006677986,0.163144677967203,0.165906475126885,0.168703266842721,0.171555081344643,0.174411723014918,0.177182372420047,0.179789343716594,0.182214968001476,0.18451625013831,0.186789537680202,0.189108335874612,0.191488152760291,0.193899812997821,0.196309818942953,0.198713203160756,0.201135545521039,0.203608317010377,0.20614044624059,0.208710847039325,0.211287055566032,0.213851942446983,0.216413642991187,0.218992349865323,0.221601823635387,0.22424396257969,0.226914419007843,0.229607802353987,0.232317101308096,0.235030193229111,0.237731926341057,0.240411592684253,0.24306709778931,0.245701606460307,0.248316502084243,0.25091039243297,0.25348758140195,0.256065226846127,0.258670669260533,0.261333055513411,0.264075966375577,0.26691434138898,0.269853214905385,0.272885954529011,0.275992911599282,0.279143918999286,0.282305295802757,0.285448794489735,0.288559038102038,0.291634833874897,0.294682853826246,0.297708995029358,0.300712322199971,0.303680275050114,0.306584752912654,0.309382597566844,0.312020298260844,0.314439494793884,0.31658311810934,0.318404800536172,0.319881750462323,0.321025600100876,0.321885063260492,0.322540414255338,0.323093594536012,0.323656054956174,0.324334818523683,0.325218633794561,0.326367367201342,0.327805783985308,0.329520981118404,0.331464729506493,0.333564503274614,0.335743569008214,0.337941962910459,0.340128097374184,0.342298376745751,0.344468435094396,0.346659909083761,0.348886732239694,0.351145285657704,0.353412549266181,0.355655064113218,0.357846297872282,0.359981958195863,0.362081975004664,0.364177969071641,0.366295845830165,0.368445135501427,0.370619732299564,0.37280554616128,0.37498727625092,0.377150920926666,0.379284854397979,0.381383170165008,0.38344998213808,0.385500933861215,0.387559118961315,0.389644141059674,0.391759876692398,0.393891845489307,0.396018301656987,0.398128742471537,0.400240374100791,0.402403167484082,0.404685666402127,0.407143270921288,0.409786497795487,0.412571734275116,0.415420678332716,0.418257093800789,0.421040528835875,0.423774648295548,0.426482752440654,0.429171320695714,0.431819180536217,0.43440477230166,0.436947592312405,0.439527512811533,0.442266466564235,0.445281610756246,0.448621294774477,0.452221119426157,0.455944072227487,0.459692772373023,0.463485022200439,0.467415570641728,0.471543874568748,0.475829786446421,0.48018615509267,0.484600860975812,0.489181647202379,0.494077014424832,0.499374501963412,0.505047425083842,0.510968401598098,0.517019181892186,0.523233973644388,0.529848770753672,0.537246217911591,0.545683751151507,0.554938830164167,0.564221189181265,0.572863720798189,0.581441487415427,0.591017740908897,0.601136226511467,0.609329491812591,0.616214942415356,0.623371227454703,0.637295336142084,0.660257376353034,0.639124120425772,0.611077264366557,0.582095043012937,0.551901822764493,0.520895670802229,0.489702544703965,0.458933841646052,0.429006309953133,0.399852004463103,0.370907589714616,0.341555013397658,0.311551482577556,0.281176889542264,0.251040896591325,0.221732340406581,0.193655627444161,0.167076228297039,0.142185056820415,0.118033854344804,0.0940789545097312,0.0716659439160572,0.0505690457004793,0.0306040059107065,0.0103175298753274,9.62000672842725e-09,1.18323856963421e-15,0,0,0,0,0,0,0,0,0,0,0,0,0,0,0,0,0,0,0,0,0,0,0,0,0,0,0,0,0,0,0,0,0,0,0,0,0,0,0,0,0,0,0,0,0,0,0,0,0,0,0,0,0,0,0,0,0,0,0,0,0,0,0,0,0,0,0,0,0,0,0,0,0,0,0,0,0,0,0,0,0,0,0,0,0,0,0,0,0,0,0,0,0,0,0,0,0,0,0,0,0,0,0,0,0,0,0,0,0,0,0,0,0,0,0,0,0,0,0,0,0,0,0,0,0,0,0,0,0,0,0,0,0,0,0,0,0,0,0,0,0,0,0,0,0,0,0,0,0,0,0,0,0,0,0,0,0,0,0,0,0,0,0,0,0,0,0,0,0,0,0,0,0,0,0,0,0,0,0,0,0,0,0,0,0,0,0,0,0,0,0,0,0,0,0,0,0,0,0,0,0,0,0,0,0,0,0,0,0,0,0,0,0,0,0,0,0,0,0,0,0,0,0,0,0,0,0,0,0,0,0,0,0,0,0,0,0,0,0,0,0,0,0,0,0,0,0,0,0,0,0,0
0,0.00489983961000597,0.00944648816243032,0.0137750788356102,0.0181962547512633,0.0229024789311621,0.0278293278516724,0.0328093369460209,0.037655165693057,0.0422348379947377,0.0464323537483422,0.0501360250619662,0.0533677380614758,0.0560634963036526,0.0581308117960548,0.0597283824356235,0.0610772254925591,0.062434274714311,0.0638515650105635,0.0652189686579778,0.0665844365703959,0.0680062351520739,0.0693557306555259,0.0704628187862423,0.0713403283164735,0.0720765782861016,0.0727846796794681,0.0735951564651308,0.0745964326056163,0.075789338151623,0.0770705300308849,0.0782950767914593,0.0794134177109057,0.0804631881554946,0.081481842613504,0.0825205036064732,0.0836237156693098,0.0848144459242159,0.0861517688289122,0.0876863741548044,0.0894033800227147,0.0912429511508289,0.0931719908269494,0.0952293094604122,0.0974850385319093,0.0999703706494208,0.102633711889115,0.105370278303814,0.108085585752224,0.110707157590172,0.113178365087012,0.115498010697236,0.117725814860414,0.119932846160316,0.12216238251459,0.124434485752995,0.126762642342104,0.129150139185773,0.1315786416863,0.133992408415504,0.13630824638947,0.138471909768279,0.140509044149368,0.142524876295766,0.144647248625431,0.146965417278511,0.149504109500624,0.152228190072517,0.155061666412121,0.157910354182671,0.160698425446756,0.163413236825703,0.166110478500739,0.168856335574945,0.171658470829903,0.174450322131909,0.177131523587293,0.179627664915193,0.181935008841275,0.184124041935367,0.186294572323612,0.18851531687164,0.190797196192943,0.193112816405579,0.195435600591354,0.197765784444912,0.20012760522976,0.202546791075966,0.205028532253376,0.207554486631303,0.21009918883755,0.212649776998882,0.215211254877713,0.217795522292758,0.220408485369716,0.223047699870055,0.225707680277401,0.228383666648549,0.231069465890148,0.233753002866929,0.236419922065044,0.239063808354806,0.241690179697142,0.244309649315439,0.246927539905469,0.249541666497245,0.25215224089159,0.254772035528499,0.257425208769949,0.260138100632429,0.262930680682448,0.265813211472066,0.268786354822164,0.271841191423582,0.274958890807868,0.27811239985256,0.281271929721581,0.284413637009758,0.287526597844602,0.290610493448899,0.293664395799759,0.296678069061664,0.299632465961553,0.30250236125567,0.305255497897915,0.307852701331745,0.310251408314984,0.312409980535603,0.31429286597978,0.315878509061268,0.317168388423258,0.318191819392419,0.319003797216314,0.31967915860046,0.32030638177357,0.32098020509095,0.321791324057714,0.322814711153963,0.324100360164201,0.325667975531989,0.327504297516878,0.329563957795807,0.331778266324731,0.334072953560483,0.336387587413812,0.338686785836427,0.340960062327342,0.343214160886814,0.345462788217232,0.347716765266625,0.349975852700286,0.352224991990783,0.354439854158918,0.356601713545086,0.358711639638496,0.360792456126782,0.362877311973263,0.364994393321291,0.367158875626914,0.369374760583367,0.371639247579592,0.373942421113565,0.376264487106414,0.378578922922998,0.380864028757284,0.383114441647977,0.385343679553825,0.387576666136673,0.389836037032498,0.392129759027032,0.394449200085676,0.396779645950333,0.39911684602876,0.401481041353946,0.403919466748504,0.406490844954397,0.40923677227736,0.41215817925407,0.415213869795588,0.418340237319926,0.421479809227934,0.424603772329292,0.427713665623523,0.430818930984314,0.433908105948158,0.436947313848646,0.439917795302498,0.442867202554706,0.445926803107876,0.449265534780045,0.453005229208254,0.457148350457726,0.461565236164535,0.466069138495151,0.470541063918275,0.475002677874133,0.479578874353039,0.484385669444421,0.489438949212215,0.494637307047035,0.499848698026287,0.505038193113517,0.510302513894663,0.515814735398034,0.521742140513546,0.528176788973177,0.535076424343037,0.542293153498645,0.549704874360784,0.557358082976914,0.565509506556446,0.574247599879371,0.583085264504793,0.591801279907485,0.602243569455701,0.614907222016512,0.627673456330267,0.640505772260905,0.646289186326618,0.655177316711016,0.674190695535112,0.647862491201123,0.619838561856147,0.591127715268406,0.560966508329559,0.528478822233534,0.494655691585972,0.460812052134001,0.427864157822207,0.396514941954909,0.367148795597071,0.338797871230034,0.310136533287226,0.280627864905582,0.250771099580465,0.221450202292438,0.193282567561842,0.166496765181847,0.14113142853643,0.117088534502893,0.0940402305642702,0.0720025153845699,0.0512618724821576,0.0308567629118281,0.01040241096352,2.04503979779893e-09,3.19610418234512e-16,0,0,0,0,0,0,0,0,0,0,0,0,0,0,0,0,0,0,0,0,0,0,0,0,0,0,0,0,0,0,0,0,0,0,0,0,0,0,0,0,0,0,0,0,0,0,0,0,0,0,0,0,0,0,0,0,0,0,0,0,0,0,0,0,0,0,0,0,0,0,0,0,0,0,0,0,0,0,0,0,0,0,0,0,0,0,0,0,0,0,0,0,0,0,0,0,0,0,0,0,0,0,0,0,0,0,0,0,0,0,0,0,0,0,0,0,0,0,0,0,0,0,0,0,0,0,0,0,0,0,0,0,0,0,0,0,0,0,0,0,0,0,0,0,0,0,0,0,0,0,0,0,0,0,0,0,0,0,0,0,0,0,0,0,0,0,0,0,0,0,0,0,0,0,0,0,0,0,0,0,0,0,0,0,0,0,0,0,0,0,0,0,0,0,0,0,0,0,0,0,0,0,0,0,0,0,0,0,0,0,0,0,0,0,0,0,0,0,0,0,0,0,0,0,0,0,0,0,0,0,0,0,0,0,0,0,0,0,0,0,0,0,0,0,0,0,0,0,0,0,0,0,0
0,0.0049370034054182,0.00950347768070036,0.013792834915114,0.018098595361631,0.0226716631684471,0.0274476349703199,0.0322506885190301,0.0368966318276737,0.0412576382514522,0.0452278903358408,0.0487319916724147,0.0518205707553806,0.0544153043402934,0.0564189778521461,0.058019901579443,0.0594926370333132,0.0611234702059,0.0628974269512411,0.0646127841185343,0.066297116066067,0.0680224092619587,0.0696747896199609,0.0711201839155263,0.072338122063911,0.0733582918844976,0.0742532917476989,0.0751524121552933,0.0761653383891324,0.0773197672116941,0.0785322209486457,0.0796624282500352,0.0806723417766994,0.0816208976029387,0.0825577931357302,0.0835397674913743,0.0846004126279909,0.0857398733421312,0.0870086472095003,0.0884612434911157,0.0901088852104867,0.0919369145102427,0.0939313364101158,0.0961044008547367,0.0984757402792668,0.101037409749026,0.103719913168609,0.106411529851472,0.109021756831133,0.111493221612964,0.113784043275228,0.115902619047682,0.117928077810013,0.119976058024988,0.122132565812175,0.124418913297552,0.126814197281464,0.129281140227048,0.131770033486408,0.134210848182365,0.136523817454847,0.138667658752157,0.1406870371227,0.14270907272099,0.144870965324049,0.147250664280802,0.149849304444088,0.152607566638901,0.155436564172844,0.158247343376758,0.160983066674705,0.163650100988437,0.166308401453445,0.169012443883502,0.171754796729661,0.174461959016834,0.177037837737688,0.179419924638161,0.181616935585939,0.183704404588902,0.185778275086285,0.187901756132779,0.19008621909934,0.192311965762274,0.194561745796557,0.196839398897445,0.199164736451616,0.201555336002219,0.204011963710389,0.206520013000206,0.209062066695773,0.211628804220954,0.214219698870407,0.216835932898155,0.219473931004286,0.222125461021425,0.224782500449515,0.227440731813933,0.230097191053451,0.232744951593038,0.235376405798173,0.237993326634589,0.240609097317397,0.243239351270215,0.245890147927164,0.248555949232308,0.251230513565294,0.253918996562383,0.256638705922086,0.259410030360425,0.262247669774017,0.265158059393838,0.268140564468225,0.27118843397871,0.27428864381467,0.277421544445848,0.280563005118168,0.283691426515934,0.286794684521761,0.289866740677821,0.292894540213646,0.295850686950295,0.298700178677598,0.301409459941423,0.30394730081999,0.306282928827505,0.308387542959227,0.310238359986737,0.311824589693664,0.313154450810212,0.314258794050324,0.315187336439779,0.3160002943448,0.316762438825916,0.317541378296804,0.318405651955734,0.319419105688895,0.320633148055103,0.322080990866061,0.3237749936041,0.325704584947792,0.327835132268484,0.330112498914353,0.332475380492472,0.334870576573791,0.337263000883923,0.339636390019905,0.341987835009911,0.344321523115772,0.346643535958219,0.348955814778572,0.351250747025089,0.353513077438329,0.355731295188431,0.357909582782691,0.360069781059761,0.362242643823836,0.364456621388952,0.366732759583168,0.369085350315037,0.371519942603359,0.374025844201801,0.376571897806054,0.379115700892471,0.381623950136489,0.384088612770771,0.386527297526223,0.388970615578285,0.391445930302443,0.393965609315977,0.396526132915881,0.399118658162199,0.401744512089326,0.404426620427848,0.407207758828734,0.410131942792306,0.413219211978937,0.416453837569092,0.419796199766014,0.423205569375528,0.426656327286969,0.430141872898326,0.433665418667826,0.437220406039419,0.440773079461394,0.444273417529424,0.447703743596452,0.451136408177538,0.454744028582427,0.458724495438445,0.463179537470124,0.468048144689311,0.473154968568305,0.478326289444754,0.483482478003859,0.488655504319459,0.493936429196502,0.499400346948619,0.505066311946535,0.510889204002161,0.516793251633632,0.522734189573358,0.528735302713448,0.53490853501271,0.541383407521262,0.548271091552428,0.555725626870172,0.563893712188316,0.572621155795502,0.58131997780281,0.589476556754453,0.597168499489008,0.604455865087649,0.611583185282692,0.618423587757319,0.626682084159239,0.640909598260562,0.654844580713841,0.661292815562872,0.655349049122099,0.624905298540583,0.593899351227974,0.563430767377992,0.534053810522477,0.507096967046106,0.480145768585463,0.452085479256375,0.423046438628324,0.392530573079853,0.361014418761172,0.331047935605616,0.302890709204808,0.275477466484244,0.247890309397086,0.220122092777111,0.192797932577004,0.166477061020727,0.14142861171278,0.118079247309103,0.0958543277030622,0.0728557847526237,0.0607628981808814,0.0305344748623174,0.00151821271701012,1.93902332822895e-10,6.80022166456393e-17,0,0,0,0,0,0,0,0,0,0,0,0,0,0,0,0,0,0,0,0,0,0,0,0,0,0,0,0,0,0,0,0,0,0,0,0,0,0,0,0,0,0,0,0,0,0,0,0,0,0,0,0,0,0,0,0,0,0,0,0,0,0,0,0,0,0,0,0,0,0,0,0,0,0,0,0,0,0,0,0,0,0,0,0,0,0,0,0,0,0,0,0,0,0,0,0,0,0,0,0,0,0,0,0,0,0,0,0,0,0,0,0,0,0,0,0,0,0,0,0,0,0,0,0,0,0,0,0,0,0,0,0,0,0,0,0,0,0,0,0,0,0,0,0,0,0,0,0,0,0,0,0,0,0,0,0,0,0,0,0,0,0,0,0,0,0,0,0,0,0,0,0,0,0,0,0,0,0,0,0,0,0,0,0,0,0,0,0,0,0,0,0,0,0,0,0,0,0,0,0,0,0,0,0,0,0,0,0,0,0,0,0,0,0,0,0,0,0,0,0,0,0,0,0,0,0,0,0,0,0,0,0,0,0,0,0,0,0,0,0,0,0,0,0,0,0,0,0,0,0,0,0,0,0
0,0.00507650875006365,0.00976005964279608,0.0140811863829731,0.0183187637171134,0.0227852402289945,0.0274171187380223,0.0320333973303645,0.0364568194508898,0.0405635983217823,0.0442592700058505,0.0475098405840589,0.0503887974720909,0.0528038697144725,0.0546838901035867,0.0562612839436465,0.0578509371465958,0.0597350724030963,0.0618418889939194,0.0639205462117288,0.0659761568672774,0.0680632651684825,0.0700872792070672,0.0719711598009073,0.0736527772180285,0.0750844865752024,0.0762769515248866,0.0773323941277771,0.0783729590223827,0.0794616570153715,0.0805529507649294,0.0815293801166558,0.0823732380623788,0.0831674438874303,0.0839777952541294,0.0848711390410988,0.0858737386307935,0.086963975172998,0.0881790989839136,0.0895710895553718,0.0911701792616588,0.0929997602586601,0.0950596511094911,0.0973302915159068,0.0997771492936361,0.102357585847037,0.104995832167151,0.107583496181025,0.110039967679038,0.112328690458448,0.11442784250051,0.116354254781793,0.118197387137987,0.120103005081707,0.122186747815079,0.124464991073902,0.12688476391215,0.12937813242012,0.131876913225807,0.134310149355568,0.136613458387407,0.138761742298227,0.140807315768502,0.142878393924741,0.145104137444357,0.147546200815378,0.150189100061232,0.152961364858607,0.155771773447546,0.158542208375285,0.161233248287996,0.163861375097443,0.1664793749147,0.169124144893802,0.17177730333678,0.174369755587287,0.176820988608733,0.179085220542077,0.181180776438588,0.183181373534488,0.185173322327375,0.187212826994943,0.189314174498497,0.191468532432402,0.193668297247203,0.195918054981032,0.198229859447959,0.2006113244516,0.2030584767404,0.205560991589563,0.208110451766907,0.210701650455397,0.213328050067615,0.215978956906641,0.218640224079353,0.22129681241107,0.223937398796663,0.226558637092059,0.229163630791546,0.231755884487378,0.23434017521111,0.236929649754035,0.239544853682057,0.242202620935193,0.244905947942483,0.24764412274709,0.250404016231339,0.253182336229855,0.255987209278638,0.25883013239288,0.261718855311555,0.264656785952496,0.267644981857174,0.270682743643279,0.273766393150137,0.276885756205347,0.280021386769991,0.283148748409798,0.286246518176531,0.28929643738811,0.292272413513861,0.295134733942126,0.297839599241671,0.300351210721698,0.30264324416522,0.304695330928045,0.306493198240634,0.308032951267783,0.309328007546373,0.310415181215294,0.311353260969979,0.312211598875765,0.31305610419884,0.313942657142694,0.314918478089929,0.316024393549166,0.317293551486128,0.318748494594713,0.320400408337921,0.322250615527819,0.324290446833289,0.326498656511881,0.328840626259839,0.331272979878972,0.333753012296628,0.336247550679159,0.338735539436509,0.341205183567168,0.343651043485896,0.346072868287397,0.348472665995772,0.350849770813989,0.353199950013459,0.355521398766602,0.357821777552417,0.360119874590858,0.36244204379021,0.364817399621768,0.367274736357708,0.369838530958973,0.372518853547502,0.375299241850174,0.378135276964886,0.380971284644154,0.383766789878692,0.386513560227709,0.389232631637372,0.39195834641075,0.394721577119807,0.397538436718085,0.40040862543355,0.40332572995669,0.406293772763881,0.409337517430179,0.412495956726192,0.415800138833193,0.419252541210864,0.422827890846505,0.426495026854683,0.430237052836612,0.434054791601773,0.437958883247887,0.441955991057884,0.446029427630877,0.450123782696963,0.4541638191318,0.45812105677565,0.462079866225205,0.466226407784981,0.47074906713319,0.475722755831561,0.481069695586192,0.486632030464813,0.492278073263791,0.497952831275497,0.50367522571278,0.509513281908064,0.515524480655119,0.52168901524844,0.527912405513762,0.534128271417459,0.54038792914432,0.54680218872013,0.553474373725046,0.560422049336434,0.567622660486596,0.575124817837417,0.583083561103081,0.591809104817995,0.601283326558537,0.610944509820297,0.619690671488501,0.627502891692037,0.634957580141766,0.642606247968168,0.647314902697765,0.657071051474714,0.680374648659251,0.653721371560292,0.622547271016111,0.589723458139814,0.555965626269181,0.521924936284448,0.487722707379711,0.454564908106198,0.422938046527867,0.393604755558977,0.366516506629873,0.344152891015157,0.31836131603247,0.291527689098533,0.26615224177842,0.242425977998735,0.218775143543521,0.193985434524656,0.168408783621774,0.143320080983624,0.121922205904515,0.115358258920036,0.0860592033961036,0.0412555534240266,0.0124968689404352,0.000354094997581705,3.8905914632916e-11,1.02003324968458e-17,0,0,0,0,0,0,0,0,0,0,0,0,0,0,0,0,0,0,0,0,0,0,0,0,0,0,0,0,0,0,0,0,0,0,0,0,0,0,0,0,0,0,0,0,0,0,0,0,0,0,0,0,0,0,0,0,0,0,0,0,0,0,0,0,0,0,0,0,0,0,0,0,0,0,0,0,0,0,0,0,0,0,0,0,0,0,0,0,0,0,0,0,0,0,0,0,0,0,0,0,0,0,0,0,0,0,0,0,0,0,0,0,0,0,0,0,0,0,0,0,0,0,0,0,0,0,0,0,0,0,0,0,0,0,0,0,0,0,0,0,0,0,0,0,0,0,0,0,0,0,0,0,0,0,0,0,0,0,0,0,0,0,0,0,0,0,0,0,0,0,0,0,0,0,0,0,0,0,0,0,0,0,0,0,0,0,0,0,0,0,0,0,0,0,0,0,0,0,0,0,0,0,0,0,0,0,0,0,0,0,0,0,0,0,0,0,0,0,0,0,0,0,0,0,0,0,0,0,0,0,0,0,0,0,0,0,0,0,0,0,0,0,0,0,0,0,0,0,0,0,0,0,0,0,0
0,0.00518587841860386,0.00996021832662349,0.0142873863884838,0.0184261445542122,0.0227447317229558,0.0271812084900556,0.0315554206936002,0.0357028513033253,0.0395087636705913,0.0428914723711983,0.0458556506941692,0.0484803638948587,0.0506662076358185,0.052412606644877,0.0539949948803884,0.0557403767545943,0.0578919507900926,0.0603421855664404,0.0628422134906892,0.0653684314527504,0.0679241235920415,0.0704271170473523,0.0728561411840398,0.0751041506755917,0.0770393123590507,0.0785980575864393,0.0798403101201024,0.0809003206905595,0.0818858938195676,0.0828069139647929,0.083582972237634,0.0842192651575974,0.0848214120124045,0.0854764306818731,0.0862667437545908,0.0872144566487888,0.0882783736059892,0.0894783355152865,0.090854157997688,0.0924416882404531,0.0942903700945137,0.0964089921215639,0.0987469132926826,0.101219278298348,0.103757385490542,0.106293192365556,0.10873360150356,0.11101353914796,0.113119739508867,0.115051502997856,0.116828758556757,0.118537098898557,0.120333586408991,0.122350404618158,0.12459801515269,0.127001012618142,0.12947631359723,0.131951442727761,0.134363148553662,0.136665662022058,0.138846802615936,0.140955382108308,0.143105608744089,0.145408088166971,0.147907279088261,0.150577626237205,0.153343676545137,0.156116934045092,0.158830754344873,0.16146029007505,0.164027807989155,0.166576164217584,0.169126532152949,0.171656359583532,0.174109824715234,0.176428913068024,0.178586069901237,0.18060496960849,0.182550946332384,0.184495942754906,0.186487754989942,0.18854396421184,0.19066624398703,0.192854602328337,0.195111932466501,0.1974411202892,0.19983948760102,0.202298494055346,0.204812352529163,0.20738198397272,0.210007091592329,0.212676254290855,0.21536732083228,0.218054440215406,0.220713781713129,0.223329462748958,0.225899781361884,0.228436951344298,0.230959558841361,0.233489171494975,0.236052119749377,0.238674476543731,0.241370765375557,0.244137950601944,0.24695950048215,0.249816300816004,0.252696560006989,0.255597082273957,0.258517625203249,0.261457643860262,0.264418781067506,0.267406914053578,0.270430397231869,0.273496131602287,0.276602563532818,0.279732303228709,0.282853681758131,0.285931689483885,0.28893439996313,0.291827286187809,0.294568008682942,0.297113939304689,0.299432957996416,0.301504737488652,0.303317211811544,0.304867217473295,0.306166166611981,0.307248020772635,0.308173797930385,0.309024916116395,0.309885244509455,0.310823455439158,0.311887077201533,0.313106415905779,0.314499100222013,0.316071326895009,0.317818922956541,0.319731305754083,0.321797108044637,0.324006557175635,0.326348339086643,0.328804020887196,0.331345140431507,0.333937059693178,0.336547335283205,0.339150995018583,0.341730495374852,0.344275259972858,0.346783291788443,0.349261027671786,0.3517190114569,0.354166973847515,0.356612087079615,0.359060590343885,0.361521923239199,0.364013776084594,0.366564311067404,0.369208805275748,0.371979482100253,0.37488931521584,0.377918764936265,0.381018369092834,0.384130300441794,0.387215803668853,0.390268829924824,0.393308876804318,0.396364470739138,0.399460381793298,0.402610750787092,0.405817604065115,0.40907754827328,0.41239505733982,0.415791357820259,0.419298338330076,0.42294039726492,0.426720835226469,0.430626400872003,0.434642835842845,0.438762748410261,0.442985319688333,0.447318782047947,0.451776705586553,0.456352564856972,0.460991476296489,0.465607483924255,0.470158856560519,0.474717756661842,0.479443924371401,0.484474765196892,0.48984202511931,0.495481961607954,0.501314994338472,0.507302648609938,0.513418631939249,0.519627478945885,0.52592692701377,0.532344500560876,0.538851676221876,0.545357853694863,0.55183019065954,0.558354429195404,0.564997170850603,0.571836569522769,0.579086404973736,0.586870347109425,0.594814095520511,0.602565416064204,0.610271165723095,0.617755433414708,0.624600631318995,0.631280630113805,0.639363715328119,0.648390582693282,0.650721823069275,0.653964115450284,0.660259382356588,0.631944125087013,0.60423649376772,0.576906147298258,0.548590694543462,0.518262176619857,0.486373466484417,0.453344976608905,0.420739758594032,0.390489193520193,0.363103179426287,0.336609748816382,0.310071277697974,0.282061849304184,0.253902043043474,0.226875274019578,0.201013798458643,0.175475238434869,0.149979001062626,0.124936407593139,0.100742824264951,0.0775833791773854,0.0561755465675877,0.0344092667769359,0.0111087126168918,2.17371014716268e-05,8.87639394958028e-12,8.38786894142248e-34,0,0,0,0,0,0,0,0,0,0,0,0,0,0,0,0,0,0,0,0,0,0,0,0,0,0,0,0,0,0,0,0,0,0,0,0,0,0,0,0,0,0,0,0,0,0,0,0,0,0,0,0,0,0,0,0,0,0,0,0,0,0,0,0,0,0,0,0,0,0,0,0,0,0,0,0,0,0,0,0,0,0,0,0,0,0,0,0,0,0,0,0,0,0,0,0,0,0,0,0,0,0,0,0,0,0,0,0,0,0,0,0,0,0,0,0,0,0,0,0,0,0,0,0,0,0,0,0,0,0,0,0,0,0,0,0,0,0,0,0,0,0,0,0,0,0,0,0,0,0,0,0,0,0,0,0,0,0,0,0,0,0,0,0,0,0,0,0,0,0,0,0,0,0,0,0,0,0,0,0,0,0,0,0,0,0,0,0,0,0,0,0,0,0,0,0,0,0,0,0,0,0,0,0,0,0,0,0,0,0,0,0,0,0,0,0,0,0,0,0,0,0,0,0,0,0,0,0,0,0,0,0,0,0,0,0,0,0,0,0,0,0,0,0,0,0,0,0,0,0,0,0,0,0,0,0
0,0.00521083837629013,0.0099953502061481,0.0142779796623936,0.0182979091874727,0.0224402423000029,0.0266439574061037,0.0307400307606093,0.034585611676965,0.0380823274157036,0.0411619483144459,0.0438614751654297,0.0462370461706799,0.0482008371946819,0.0498631539350486,0.051522789123117,0.0534874701003345,0.0559335423140385,0.0587394485102487,0.0616975759896429,0.0647501638367039,0.0678260059194859,0.0708421839612085,0.0738220558899484,0.0766238287601778,0.0790444786760813,0.0809504459763961,0.0823547083740606,0.0834042185206754,0.0842536779960197,0.0849745854341227,0.08553484567614,0.0859617460923486,0.0863748796292436,0.0868829070627376,0.0875867876563011,0.088506614924903,0.08958527977193,0.0908220512762633,0.0922338522484013,0.093847653431083,0.095726473503758,0.0978832399648529,0.100240518042584,0.102674950529132,0.105106817629336,0.107492746780238,0.109766179682292,0.111876961322198,0.113829060979546,0.115638316364544,0.117321395495739,0.118947583180181,0.120670155687374,0.122629356247908,0.124832762035156,0.127194155105781,0.12962896126016,0.132069352280325,0.13446204868139,0.136778621135537,0.139017016284247,0.141216973609484,0.143470217100414,0.145862442762591,0.148419747089874,0.151108732978992,0.153853379749821,0.156570637409185,0.159206191127093,0.161748812493706,0.164225649957002,0.166671738951015,0.169098451146941,0.171486317238372,0.173797660514613,0.175997500520253,0.178073422454243,0.180049633534505,0.181978549460706,0.183914542089775,0.185895153619245,0.187940093533044,0.190060179497251,0.192261616196413,0.194545313798937,0.196906231894514,0.199333038061494,0.201813455525736,0.204345985737391,0.206940633019187,0.209602903386973,0.212318377267148,0.215054389839239,0.217772172067298,0.220436890766805,0.223027517350545,0.22554613448571,0.228017619833741,0.230478518884721,0.232967464738944,0.235521221024246,0.238167337602344,0.240914908140734,0.243754000433699,0.246663813582924,0.249621674839517,0.25260804407614,0.255606868400519,0.258604435447653,0.261591881786443,0.264570577727406,0.267552761995061,0.270555802694472,0.273594705105452,0.276672589876822,0.279771020460382,0.282850565549058,0.285864685733324,0.288773155281021,0.291541976897388,0.29413684858207,0.296524430072581,0.298678724508755,0.300582645262401,0.302227253763874,0.30361583673358,0.304772354833496,0.305748997332914,0.306626011614151,0.307498545744133,0.308454777890415,0.309559070161303,0.310849189940352,0.312342117027273,0.314038744661211,0.315926192291339,0.317981718920183,0.320179294251008,0.322496799391921,0.324919827938546,0.327439250219266,0.330043796319648,0.332712906889104,0.335417197829848,0.338126935965032,0.340819564298307,0.343481334739291,0.34610711249548,0.348701908650916,0.351281337432584,0.353866939008017,0.356477208847498,0.359119639699301,0.361790559319395,0.364484914917862,0.367209091151781,0.369986249635345,0.372850736010152,0.375835138400308,0.378954365519739,0.382194589907382,0.385517003692606,0.388877459114902,0.392248834619395,0.39562902970873,0.39903062775406,0.402466103748356,0.40594251519139,0.409463781491846,0.413032220882066,0.416648129299796,0.420311973580922,0.424030749230245,0.427823691583949,0.431721039281061,0.435755848551416,0.439953503218553,0.444320564181637,0.448837361087846,0.453468352265369,0.458190924227953,0.463013999691317,0.467956164031752,0.472999962811323,0.478086081692737,0.483166975961474,0.488267938440715,0.493482999587771,0.498898314267919,0.504531892627185,0.51034872382275,0.516323536166756,0.522474533426795,0.52883920004272,0.535457057421084,0.542333579220224,0.54931653111687,0.556107978875901,0.56254923544366,0.568809630503219,0.575226538073434,0.581900237140805,0.588650611376728,0.595484875402143,0.602741775375901,0.610682716106982,0.619263814439175,0.628002986670892,0.636034754829658,0.642475780903304,0.646831089501004,0.648443986634024,0.654021484764366,0.671745898337046,0.64602991074138,0.613909709184678,0.581972405866379,0.551469185754782,0.523262115606418,0.498710185056078,0.474805883484985,0.448478214359333,0.418493179532197,0.387449457862897,0.358346149609803,0.33225877989436,0.307577846148007,0.282122168499385,0.255597918853514,0.228475642829661,0.201384399555179,0.174689890169328,0.148546274977535,0.123222835619929,0.0989410587140045,0.0757497323713785,0.0535454146817452,0.0323935582134949,0.0109252464917172,3.31424619673335e-06,1.4057622236441e-12,1.37232485061217e-35,0,0,0,0,0,0,0,0,0,0,0,0,0,0,0,0,0,0,0,0,0,0,0,0,0,0,0,0,0,0,0,0,0,0,0,0,0,0,0,0,0,0,0,0,0,0,0,0,0,0,0,0,0,0,0,0,0,0,0,0,0,0,0,0,0,0,0,0,0,0,0,0,0,0,0,0,0,0,0,0,0,0,0,0,0,0,0,0,0,0,0,0,0,0,0,0,0,0,0,0,0,0,0,0,0,0,0,0,0,0,0,0,0,0,0,0,0,0,0,0,0,0,0,0,0,0,0,0,0,0,0,0,0,0,0,0,0,0,0,0,0,0,0,0,0,0,0,0,0,0,0,0,0,0,0,0,0,0,0,0,0,0,0,0,0,0,0,0,0,0,0,0,0,0,0,0,0,0,0,0,0,0,0,0,0,0,0,0,0,0,0,0,0,0,0,0,0,0,0,0,0,0,0,0,0,0,0,0,0,0,0,0,0,0,0,0,0,0,0,0,0,0,0,0,0,0,0,0,0,0,0,0,0,0,0,0,0,0,0,0,0,0,0,0,0,0,0,0,0,0,0,0,0,0,0,0,0
0,0.00515871799854238,0.00987732347395665,0.0140816111175298,0.0180061301315615,0.0219860328204607,0.0259614137315501,0.0297874605341026,0.0333537160092652,0.0365860421437035,0.039429804200231,0.0419459418379415,0.0441400660765123,0.0459521562902439,0.047617778072953,0.0494326452665263,0.0516628687914781,0.0544039697288262,0.0575329940520885,0.0609051284800202,0.0644317180241577,0.0679642150489804,0.0714115133425407,0.074828409982969,0.0780556976507308,0.0808430561881766,0.0829996832392072,0.0845022250323933,0.0855156422007264,0.0862334699426951,0.0867796813993953,0.0871758909499703,0.0874655481626332,0.0877630181356663,0.0881873843918815,0.0888555695802026,0.0897893429887092,0.0909241590628073,0.09223865924841,0.0937189793988095,0.0953753170206279,0.0972781278891915,0.0994414110491121,0.101764691948882,0.104100113253911,0.106373400282093,0.108580606098241,0.110688695737447,0.112655491562553,0.114490430149745,0.116220357595846,0.117855620803943,0.119440972326006,0.121114664396972,0.123019672677071,0.125165773328181,0.127466040995468,0.129842430147158,0.132235649761968,0.134603098893465,0.136933483774588,0.139235037942582,0.141536689973548,0.143902534352809,0.146389401586941,0.149004116068473,0.151705327823806,0.154417046415472,0.157062943018459,0.159601847930589,0.162036505110983,0.16440068526583,0.166726737744894,0.169023046752713,0.171277658326325,0.173470977697714,0.175587563168187,0.177625697805923,0.179606109828595,0.181565127935533,0.183537363687566,0.185548116709963,0.187617139334266,0.189762698675078,0.191997079962206,0.194321140946384,0.19672446534942,0.199188495520734,0.201697134509308,0.204252178596748,0.206872067588992,0.209569222033594,0.212328628307468,0.215108720461817,0.217857571943559,0.220528928638309,0.223098068292377,0.225574029320863,0.227996820394763,0.230420139871903,0.23289481731986,0.235460954095166,0.238142052711202,0.24094046923076,0.243841863692644,0.24682552590357,0.249869442457165,0.252948856699005,0.256035749410236,0.259103504396122,0.262135531800531,0.265132245263894,0.268109288057906,0.271088289428602,0.274087083786886,0.277109640199578,0.280136498470299,0.283125115260944,0.28602479485886,0.288794620371875,0.291407916578726,0.293843845686223,0.296081054079976,0.298098737369185,0.299879751772166,0.301415435847784,0.302715234782249,0.30381711344014,0.304790770034332,0.305729091593332,0.306729125660535,0.307870987143956,0.309206308428369,0.31075978787183,0.312535788746973,0.314522726608417,0.316696833652576,0.319027825421976,0.321484562207972,0.324039784934461,0.326673424827858,0.329372231575919,0.332124524466901,0.334913384049217,0.337716344772264,0.340513529873866,0.34329482834138,0.346059733810196,0.348813942975041,0.351568540774119,0.354341116475129,0.357153247531957,0.360021830219512,0.362949751328685,0.365926276778747,0.368939280740601,0.371988132561243,0.375086361678146,0.378255318987082,0.381515936106219,0.384880689025428,0.388346938808103,0.39189723451204,0.395509345256613,0.399169138360172,0.402875038406312,0.406630354132,0.410433881474973,0.414280047149261,0.418165594160207,0.422091660711628,0.426057263021802,0.430052370228288,0.434063562671281,0.438096133252174,0.44219510626197,0.446440283730782,0.450911508193049,0.455642729976645,0.460594418614722,0.46567482065966,0.470803013162701,0.475963129848341,0.481201863322305,0.486564725185463,0.492041170096666,0.497581145094275,0.503153595892162,0.50877311260118,0.514461172288555,0.520217928682045,0.526056723723362,0.532020122574722,0.538154601670055,0.544515218812851,0.55122787982668,0.558369928862784,0.565709544688221,0.572767499752951,0.579239871078743,0.585118377059504,0.590718275362182,0.59658012533349,0.603163182961489,0.610348746205297,0.617089612342319,0.622781722154196,0.628412019714867,0.635402768621034,0.645106464232912,0.654370146694678,0.655221515630545,0.656921325506735,0.665735508085115,0.638080082067627,0.608827192591234,0.578475386004444,0.546102976679526,0.512373173600537,0.479373900765129,0.449757002721663,0.423648112192806,0.402031798966341,0.378568299415784,0.352993024434492,0.326117675452163,0.299269141032626,0.274216401578626,0.249814410741586,0.225269869917363,0.200255063264116,0.174331546358119,0.148324570466315,0.123058408178317,0.0988704859069047,0.0757727360122608,0.0536241884509117,0.0324583959565454,0.0109323224539525,7.73323623358956e-07,2.25250542429688e-13,2.75092663009415e-53,0,0,0,0,0,0,0,0,0,0,0,0,0,0,0,0,0,0,0,0,0,0,0,0,0,0,0,0,0,0,0,0,0,0,0,0,0,0,0,0,0,0,0,0,0,0,0,0,0,0,0,0,0,0,0,0,0,0,0,0,0,0,0,0,0,0,0,0,0,0,0,0,0,0,0,0,0,0,0,0,0,0,0,0,0,0,0,0,0,0,0,0,0,0,0,0,0,0,0,0,0,0,0,0,0,0,0,0,0,0,0,0,0,0,0,0,0,0,0,0,0,0,0,0,0,0,0,0,0,0,0,0,0,0,0,0,0,0,0,0,0,0,0,0,0,0,0,0,0,0,0,0,0,0,0,0,0,0,0,0,0,0,0,0,0,0,0,0,0,0,0,0,0,0,0,0,0,0,0,0,0,0,0,0,0,0,0,0,0,0,0,0,0,0,0,0,0,0,0,0,0,0,0,0,0,0,0,0,0,0,0,0,0,0,0,0,0,0,0,0,0,0,0,0,0,0,0,0,0,0,0,0,0,0,0,0,0,0,0,0,0,0,0,0,0,0,0,0,0,0,0,0,0,0,0,0,0,0
0,0.00504153325450908,0.00963239513383155,0.0137313619999484,0.0175878465485923,0.0214217021457496,0.0251776074917178,0.0287479671565838,0.0320647599104149,0.0350850451574447,0.0377678774296115,0.0401893515825151,0.042287720014531,0.0440417046525616,0.0457997485144534,0.0478285766071361,0.0503376413353627,0.0533413487163901,0.0567152041327464,0.0603822390309973,0.0642360822768987,0.0680731593936968,0.0718041904554801,0.0755024153471364,0.0790033545880171,0.082028954403151,0.0843426466428731,0.0859050815922328,0.0869071186146481,0.0875652795334651,0.0880355356439193,0.0883901459941215,0.0886791822852775,0.0889881335435559,0.0894269810117732,0.0901218316555798,0.0911041398263441,0.0923189184892205,0.0937289198557354,0.0952840051965239,0.0969752504130345,0.0988806795263103,0.101016728437264,0.103264533966965,0.105463547416503,0.1075549302713,0.10957899503913,0.111537949103044,0.11339026232341,0.115139146199119,0.116818922419699,0.11843587921039,0.120007421107407,0.121647800084296,0.12349735256706,0.125573338671409,0.127797044913851,0.130100892395671,0.132435116244047,0.134768141343846,0.137106038761847,0.13946906097665,0.1418760879455,0.144360518380383,0.146946985535148,0.149621705355473,0.152334149938144,0.155008822767331,0.157578320702691,0.160015636496162,0.16233712126103,0.164584196995258,0.166790932290485,0.168968067390413,0.171113024458614,0.173221670851644,0.175293646988186,0.17733477296734,0.179360662831286,0.181390454810002,0.183437497610164,0.185512278709097,0.187631519222988,0.189819127476081,0.192094485479632,0.194461604697795,0.196907594779888,0.199407893835608,0.201942796073116,0.204517238587565,0.207157792406927,0.209883903358484,0.212681128964493,0.215500700331417,0.218279281376079,0.220961619204771,0.22352238088213,0.225979610903259,0.228387165864683,0.230810302761386,0.233303695570669,0.235903060624028,0.238624237623101,0.241464631995027,0.244410660300509,0.247447109607283,0.2505568017554,0.253712951787769,0.256878412916066,0.260016044540795,0.263101971033438,0.266132410021613,0.269119756874287,0.272082529603327,0.275036326155782,0.27798508968523,0.280912431273288,0.283780774847016,0.286543883105274,0.289165285748642,0.291625982033951,0.293916222885702,0.296024418948017,0.297934538027828,0.299631315524234,0.301110230987383,0.302390538219481,0.303524140291659,0.304591912696226,0.305687858182401,0.3068985441633,0.308286899066049,0.309887058508698,0.311709037171861,0.313745551741107,0.315977107217401,0.31837762861804,0.320919919310491,0.323577115846053,0.326322356529154,0.329130962478752,0.331983700807188,0.334866660120799,0.337767372570939,0.340674184070232,0.343582176368322,0.346497276960822,0.349431941880904,0.352397202347252,0.355399846448242,0.358446497931522,0.361547557518363,0.364714437690863,0.367952639484522,0.371260218969141,0.374633548985785,0.378071186865153,0.381571588487269,0.385131164436298,0.388747727712344,0.392424445374797,0.39616761935289,0.39998033642121,0.403859098876111,0.407796492120518,0.411786517717745,0.415826865353938,0.419918718550985,0.42406590878746,0.428271383177533,0.432530723685935,0.436826596917057,0.441129374088216,0.445409595958347,0.449666919791752,0.453961477132467,0.458412059014782,0.463144850727286,0.468219584254571,0.473579175583921,0.479069249171892,0.484535942950301,0.489929564024811,0.495326051372797,0.500833905420556,0.506483435165726,0.512228943196288,0.518030421039716,0.523876692036348,0.529726898116177,0.535508519990099,0.541215252159826,0.546956169507428,0.552899823951823,0.559185577148484,0.565827319252017,0.572710570563022,0.579678721985104,0.586583388786621,0.593212990014324,0.599292850491215,0.60460788311377,0.609488511863806,0.615289747355646,0.62282553332677,0.630084163337228,0.635520330052569,0.639759860825953,0.643816435257414,0.645698093926638,0.650770246640087,0.667125865411084,0.643143158843181,0.613159901216554,0.584154157769398,0.556190794844593,0.530231218574128,0.503726662420765,0.474670459004833,0.443967782095426,0.412838863296026,0.382291254542765,0.35372718982038,0.326775038882051,0.301890601614721,0.28319876626939,0.259651380417901,0.235892937568862,0.2136840643692,0.191666585117667,0.169777847661814,0.146952486933021,0.12315169455062,0.0993553614161777,0.0762624264782269,0.0540070219284063,0.0327043083576153,0.0110153003366235,3.85642719805234e-08,1.12203657466591e-14,-3.84831190258248e-156,0,0,0,0,0,0,0,0,0,0,0,0,0,0,0,0,0,0,0,0,0,0,0,0,0,0,0,0,0,0,0,0,0,0,0,0,0,0,0,0,0,0,0,0,0,0,0,0,0,0,0,0,0,0,0,0,0,0,0,0,0,0,0,0,0,0,0,0,0,0,0,0,0,0,0,0,0,0,0,0,0,0,0,0,0,0,0,0,0,0,0,0,0,0,0,0,0,0,0,0,0,0,0,0,0,0,0,0,0,0,0,0,0,0,0,0,0,0,0,0,0,0,0,0,0,0,0,0,0,0,0,0,0,0,0,0,0,0,0,0,0,0,0,0,0,0,0,0,0,0,0,0,0,0,0,0,0,0,0,0,0,0,0,0,0,0,0,0,0,0,0,0,0,0,0,0,0,0,0,0,0,0,0,0,0,0,0,0,0,0,0,0,0,0,0,0,0,0,0,0,0,0,0,0,0,0,0,0,0,0,0,0,0,0,0,0,0,0,0,0,0,0,0,0,0,0,0,0,0,0,0,0,0,0,0,0,0,0,0,0,0,0,0,0,0,0,0,0,0,0,0,0,0,0,0,0,0,0,0
0,0.00489063849014965,0.00932751612354913,0.0133096405728738,0.0171126984345488,0.0208054946330537,0.0243439405360998,0.0276674804252238,0.0307565271795714,0.0336033980079114,0.036181615240586,0.0385730490859216,0.0406585328044085,0.0424649933797538,0.0444112281556522,0.0467050117567648,0.0494912444308669,0.0527147837607656,0.0562396292079117,0.0600477369517515,0.0640334023014782,0.0679799220133345,0.071824710686601,0.075645815059002,0.0792775683216974,0.0824273485173442,0.0848239428392732,0.0864338165500419,0.0874785044489547,0.0881788738197836,0.088698645604287,0.0891493428331932,0.0895822327078421,0.090035623697223,0.0905871189738618,0.0913602543456651,0.0924053006070664,0.0937001123717921,0.0952021866448026,0.0968228598781811,0.098533653692994,0.100420086133123,0.102503931910779,0.104655868793477,0.106712994668061,0.10863287572878,0.11049295578849,0.112328930308884,0.114096794518554,0.115784873789904,0.117432603496035,0.119048981264407,0.120627465063395,0.122251544706999,0.124051525903954,0.126054961517997,0.128197809363309,0.130424251201799,0.132694267134609,0.134988199076832,0.137329145529122,0.139749843449146,0.142260029315023,0.144860719501285,0.147542081918501,0.150269029010894,0.152982678881924,0.155611680494638,0.158102137591214,0.16044187660728,0.162658540071734,0.164800015621978,0.166903774491884,0.168985066050271,0.17104981103751,0.173106009193315,0.175165531169654,0.177240934044518,0.179343137073394,0.181474925016307,0.183628566609031,0.185797272850924,0.187990198746199,0.19023347405959,0.192553713916887,0.194960814649637,0.197442171967613,0.199969605133399,0.202522499848306,0.205110611031575,0.207767749893994,0.210518197476572,0.21334736640933,0.216201272816849,0.219009467003338,0.221713161186672,0.224290124553394,0.226766053292938,0.229201632401619,0.231663495779037,0.234200935980469,0.236840629213291,0.239591850692669,0.242452410528006,0.245415889062972,0.248477246454232,0.251627172407243,0.254840204646077,0.258074032012034,0.26128339828476,0.264435658158202,0.267517109808298,0.270529285439956,0.273481900954487,0.27638712183505,0.279252090332332,0.28206958385493,0.284814212348625,0.287450004148454,0.289946112916058,0.292286976819774,0.294467884618581,0.296484276192036,0.298328223115073,0.299994678428015,0.301491990418519,0.30285194556348,0.304133228527063,0.305413169210695,0.306771358950212,0.308273085395085,0.309958978550615,0.311844364665605,0.313926039589525,0.316190078119871,0.318617690023591,0.321190365748631,0.323892162095079,0.326705909194767,0.329608355429643,0.332571997526521,0.335572666442879,0.338595069997332,0.341631873602253,0.344681796670662,0.347751788350474,0.350857263402814,0.354014382739252,0.357229832211408,0.360498770774673,0.363813756609543,0.367176168112196,0.37059991534411,0.374105647210811,0.377712425186104,0.381431280158021,0.385258954546915,0.389174776547365,0.393146978701348,0.397147483527094,0.40116521910228,0.405207441075153,0.409288281400696,0.413414755137479,0.417582089096808,0.421782284425659,0.42601815482466,0.430311552590179,0.434695043263006,0.43918750681214,0.443772724238496,0.448401436276967,0.453015083218268,0.457573268167691,0.462078505001847,0.466598887624024,0.471268035853518,0.476235133458602,0.481578192831511,0.487235374919432,0.493015457985818,0.498711970703063,0.504242169618475,0.509687430324185,0.515198011303877,0.520852996420549,0.526637602288332,0.53250973820745,0.538416860920348,0.544262950280525,0.549954424895865,0.555505288816897,0.561059573751909,0.566880747193587,0.573199618891645,0.579886111191522,0.586471141161422,0.592725676759683,0.598693118155992,0.604643566315408,0.610860789934292,0.616863627548492,0.621686157014513,0.62579898602287,0.630191024051925,0.635637035018164,0.642597825624274,0.648694409245631,0.648956474524282,0.651387718170965,0.659365592463394,0.631121800436951,0.601068494186999,0.570416797906202,0.540011092120158,0.510268439101464,0.482841851268315,0.459537046476393,0.43686417627478,0.412017174054294,0.384113788145557,0.355560218233689,0.328474135082005,0.303942237303394,0.279981058484484,0.254996584138447,0.226130991700294,0.192668722284651,0.156368008373796,0.137208029423773,0.124315687655646,0.113711059139119,0.0974945422178977,0.0765680499083509,0.0545461918694067,0.0329709540808479,0.0111044025182833,1.92224180384336e-09,5.57618176494556e-16,0,0,0,0,0,0,0,0,0,0,0,0,0,0,0,0,0,0,0,0,0,0,0,0,0,0,0,0,0,0,0,0,0,0,0,0,0,0,0,0,0,0,0,0,0,0,0,0,0,0,0,0,0,0,0,0,0,0,0,0,0,0,0,0,0,0,0,0,0,0,0,0,0,0,0,0,0,0,0,0,0,0,0,0,0,0,0,0,0,0,0,0,0,0,0,0,0,0,0,0,0,0,0,0,0,0,0,0,0,0,0,0,0,0,0,0,0,0,0,0,0,0,0,0,0,0,0,0,0,0,0,0,0,0,0,0,0,0,0,0,0,0,0,0,0,0,0,0,0,0,0,0,0,0,0,0,0,0,0,0,0,0,0,0,0,0,0,0,0,0,0,0,0,0,0,0,0,0,0,0,0,0,0,0,0,0,0,0,0,0,0,0,0,0,0,0,0,0,0,0,0,0,0,0,0,0,0,0,0,0,0,0,0,0,0,0,0,0,0,0,0,0,0,0,0,0,0,0,0,0,0,0,0,0,0,0,0,0,0,0,0,0,0,0,0,0,0,0,0,0,0,0,0,0,0,0,0,0,0,0,0
0,0.00472850558703993,0.00901403533871141,0.0128773441628221,0.0166194231254052,0.020161762359748,0.0234770642847607,0.0265562140941833,0.0294286512009955,0.0321201079646854,0.0346171823756921,0.0369984515015762,0.0391283170304243,0.0410908336572738,0.0433125476234574,0.0459138524239416,0.0489717893069544,0.0523807845474775,0.0559824893696023,0.0597969858112815,0.0637349675459308,0.0676121233724045,0.0714176445515615,0.0752199349120342,0.0788537313603994,0.0820265809798873,0.0844521217647494,0.0861171994287767,0.0872673350177262,0.0881079540873662,0.0887880182950202,0.0894449647597153,0.0901352881138872,0.0908433941069497,0.0915944422411334,0.0924939860743058,0.0936145271629409,0.0949853082063456,0.0965701200539055,0.098245654301792,0.0999664378465929,0.101822860426442,0.103843965568817,0.10590261931202,0.107844562376303,0.109636465913174,0.111374107622927,0.113119755371233,0.114830172638271,0.116478008412414,0.118106730879577,0.119735512748484,0.121341073937621,0.122971605149247,0.124738065845918,0.126678376533051,0.128748589365126,0.130904935886647,0.133116683021894,0.135376622308775,0.137722390298563,0.140195964041795,0.142798170660109,0.145499056754183,0.148255097859779,0.151011678912695,0.153705063854636,0.156274673194257,0.158686420655996,0.160943197045741,0.163079470467769,0.165145203645449,0.167179766403951,0.16920247692456,0.171224899869206,0.17326303348472,0.175338513265446,0.177470345925656,0.179665907021937,0.181914617146349,0.184190979670846,0.186471076833213,0.188753029278781,0.191061088334303,0.193427198587514,0.195867772366935,0.198372779462497,0.200914259023458,0.203475091830734,0.20607190205441,0.208743699230977,0.211515789325466,0.214372150300777,0.21725679317887,0.220098535332749,0.222841812390722,0.225470585726816,0.228013901100576,0.230528117911185,0.233068366307921,0.235669893812096,0.238348968619597,0.241113170721055,0.243968027270829,0.24692003174902,0.249976692706215,0.253137417738699,0.256380714058827,0.25966361182526,0.262935343106584,0.266152303902361,0.269284941405429,0.272317947865586,0.275249845674986,0.27809185538801,0.280860158424829,0.283563173828939,0.286192583618015,0.288724311783341,0.291130499225882,0.293393515037123,0.295509293529549,0.297480546829293,0.299312715499206,0.30101837830838,0.302623433642073,0.304169715264718,0.305712859612773,0.307314416217421,0.309030266364067,0.310899322142151,0.312937161694851,0.315138877583373,0.317489308165537,0.319973048121919,0.322579454130835,0.325304015243243,0.328146137071241,0.331101643481717,0.334154869085339,0.337279436471102,0.34044834448765,0.343644109366986,0.34686103186817,0.350102646212134,0.353380495269952,0.356711013479053,0.36010590100126,0.363562384118779,0.367064437485661,0.370596667732758,0.374160780016379,0.377782032222156,0.381500927546593,0.385356051393055,0.389367231962486,0.393525127198442,0.397792513889314,0.402117738263176,0.406453739157642,0.410773940917734,0.415075957264327,0.41936993073992,0.423661804477923,0.427948518407888,0.432231975124505,0.436538784349057,0.440926372422276,0.445461465704031,0.450179412432107,0.455055391226883,0.460014758646241,0.464975221776745,0.4698853428587,0.474739731879065,0.479583844336154,0.484515859347549,0.489664628130606,0.495124549572368,0.500877351349611,0.50676402826765,0.512566121322197,0.518156446035163,0.523588830856962,0.529037640999745,0.534646265996145,0.540429265026841,0.546304853317697,0.552130939971843,0.55774132624658,0.563033366603832,0.568121986355228,0.57334986164415,0.57899341657762,0.585003948609143,0.591034958864062,0.596873860845026,0.602541501219968,0.607925028850412,0.612788980988102,0.617333609144114,0.622227641302402,0.628250890986342,0.633708824322738,0.637548575596401,0.641429335725861,0.64125277328316,0.645601127173492,0.661247792967093,0.639042478958082,0.610439711638617,0.581972218109801,0.554951442683082,0.528487092191401,0.500987596136592,0.471051337165342,0.440019758304808,0.411804205356456,0.387430715527309,0.368568579198889,0.347676047773644,0.323182251256212,0.296948472607276,0.273376957033805,0.251915925314854,0.229541523146096,0.205123623230863,0.178173168049076,0.149018058012372,0.122839413157816,0.101499371268475,0.080154011666432,0.0577737041020374,0.0354476499041385,0.0125738718891917,0.000426429575464056,9.57833857781735e-11,2.72008866582562e-17,0,0,0,0,0,0,0,0,0,0,0,0,0,0,0,0,0,0,0,0,0,0,0,0,0,0,0,0,0,0,0,0,0,0,0,0,0,0,0,0,0,0,0,0,0,0,0,0,0,0,0,0,0,0,0,0,0,0,0,0,0,0,0,0,0,0,0,0,0,0,0,0,0,0,0,0,0,0,0,0,0,0,0,0,0,0,0,0,0,0,0,0,0,0,0,0,0,0,0,0,0,0,0,0,0,0,0,0,0,0,0,0,0,0,0,0,0,0,0,0,0,0,0,0,0,0,0,0,0,0,0,0,0,0,0,0,0,0,0,0,0,0,0,0,0,0,0,0,0,0,0,0,0,0,0,0,0,0,0,0,0,0,0,0,0,0,0,0,0,0,0,0,0,0,0,0,0,0,0,0,0,0,0,0,0,0,0,0,0,0,0,0,0,0,0,0,0,0,0,0,0,0,0,0,0,0,0,0,0,0,0,0,0,0,0,0,0,0,0,0,0,0,0,0,0,0,0,0,0,0,0,0,0,0,0,0,0,0,0,0,0,0,0,0,0,0,0,0,0,0,0,0,0,0,0,0,0,0,0,0,0,0
0,0.00457422753631936,0.00873133007364125,0.0124836809476321,0.0161440283924598,0.0195246285492875,0.0226186114921884,0.025466046286153,0.0281360110421801,0.030674968079535,0.0330815640693342,0.0354268356398251,0.0376156795683603,0.0397950413564695,0.042334347556721,0.0452486671629219,0.0485480062441948,0.0521091190340651,0.0557495205436866,0.0594906117127414,0.063263643622821,0.0669517528236993,0.0706090729464495,0.0742823802918103,0.0778102338047291,0.0809217283981002,0.083344431444946,0.0850880982922267,0.0864025833843452,0.0874592427148178,0.0883753492223332,0.0893038667577132,0.0903140959075742,0.0913396746070482,0.0923476677858146,0.0934164213838083,0.0946380665371373,0.0960956362376953,0.0977641115639251,0.099495395558355,0.101233379747912,0.103068262509221,0.105033833243565,0.107016464182086,0.108883292188428,0.110604524327527,0.112271881259051,0.113962189476403,0.115639097185373,0.117265535436435,0.118887122043582,0.120535893557188,0.122181005104452,0.123836556085676,0.125586780752609,0.127478326223728,0.129490869119025,0.131592247642761,0.133760242826676,0.136000418727005,0.138360018225525,0.140882142828063,0.143557049625257,0.146328894535683,0.149127270814244,0.151884103568846,0.1545358168688,0.157038082479309,0.159380645534267,0.161581172794067,0.163676855639055,0.165714148224388,0.167730291838074,0.16974578843972,0.171773967481014,0.173834923404088,0.175957270674963,0.178164144105713,0.180458580385734,0.182820316143996,0.185213148657735,0.187601501676051,0.189973450385814,0.192348949651739,0.19476186518876,0.197232888079242,0.199755608540109,0.202306955073246,0.204877669771811,0.207490896133733,0.210185901390199,0.212983774896927,0.215865892460432,0.218778439946947,0.22165693541018,0.224455994975,0.227168075388735,0.229820475109965,0.232454346160001,0.235102336050724,0.237780098991682,0.240494969559996,0.243258811447278,0.246091076964171,0.249014149425401,0.252047063708731,0.255195415109387,0.258441420969378,0.261744629398216,0.265052578111149,0.268311987456255,0.271476128755132,0.274511315375061,0.277405173722306,0.280170229884676,0.282834933972311,0.285426552332434,0.287955801513787,0.290409930284685,0.292760794818965,0.294984698281396,0.297076449781166,0.299047490312463,0.300919026114567,0.30272090067631,0.30449159729103,0.306275193367985,0.308118210701137,0.310065979605899,0.312155357530095,0.314404738540803,0.316808637877523,0.319343687086279,0.321982910648062,0.324707767144292,0.327511990294717,0.330400459063574,0.33338538673851,0.336477300689443,0.339673316779363,0.342953537921926,0.34629038456988,0.349662569578925,0.353062429010575,0.356495126925896,0.359975127224157,0.363519603646539,0.367136463167455,0.370815085868681,0.374530981679994,0.378263982812644,0.382017699363858,0.385826072112504,0.38974154865191,0.393812021528899,0.398059580820376,0.40247079405069,0.407002209758447,0.411596214294524,0.416198168260819,0.420769400509816,0.42529084257001,0.429754367135623,0.434151720322451,0.438477912749797,0.442752202821314,0.447034897886304,0.451418721582189,0.455993128887508,0.460802496254177,0.465826576463172,0.470995934213723,0.476229935777899,0.481467511031061,0.486674805747463,0.491843688845674,0.497003045813147,0.50223316589032,0.507644635702142,0.513299119529484,0.519121785090776,0.524906453042311,0.530479988786556,0.535873278321314,0.541305784879169,0.546948626752664,0.552753343014627,0.558532806724595,0.564148852095408,0.569520063723714,0.574588544983317,0.579482889262982,0.584693605476705,0.590514499483759,0.596501843717087,0.601974596636433,0.606597833394275,0.610732999710795,0.615176631099486,0.620044307554641,0.623940584042111,0.626895007423735,0.629677745585233,0.63265229283434,0.638255002050645,0.643927771116806,0.647851523263485,0.64665694905548,0.620925609524888,0.593516980229918,0.564386642462457,0.534303578940367,0.505642843517432,0.479465699441379,0.457109198648598,0.433684411336837,0.40612266093058,0.376438940481645,0.347259773841541,0.321516902576446,0.298721531227399,0.281592278310452,0.259164588808346,0.236401728660611,0.216173803013588,0.197211044681235,0.176469769883224,0.152962109397789,0.127371197144094,0.102348464934455,0.0790791687739451,0.0561809250424585,0.0340125573929768,0.0114654070294839,1.66867120589925e-05,4.77145035666041e-12,2.00308223205588e-33,0,0,0,0,0,0,0,0,0,0,0,0,0,0,0,0,0,0,0,0,0,0,0,0,0,0,0,0,0,0,0,0,0,0,0,0,0,0,0,0,0,0,0,0,0,0,0,0,0,0,0,0,0,0,0,0,0,0,0,0,0,0,0,0,0,0,0,0,0,0,0,0,0,0,0,0,0,0,0,0,0,0,0,0,0,0,0,0,0,0,0,0,0,0,0,0,0,0,0,0,0,0,0,0,0,0,0,0,0,0,0,0,0,0,0,0,0,0,0,0,0,0,0,0,0,0,0,0,0,0,0,0,0,0,0,0,0,0,0,0,0,0,0,0,0,0,0,0,0,0,0,0,0,0,0,0,0,0,0,0,0,0,0,0,0,0,0,0,0,0,0,0,0,0,0,0,0,0,0,0,0,0,0,0,0,0,0,0,0,0,0,0,0,0,0,0,0,0,0,0,0,0,0,0,0,0,0,0,0,0,0,0,0,0,0,0,0,0,0,0,0,0,0,0,0,0,0,0,0,0,0,0,0,0,0,0,0,0,0,0,0,0,0,0,0,0,0,0,0,0,0,0,0,0,0,0,0,0,0,0,0,0,0
0,0.00444179208190381,0.00850502747694306,0.0121605694122621,0.0157198220471408,0.0189389350028749,0.0218316296323315,0.0244808651854814,0.0269796982651994,0.0293775286325192,0.0316848616787409,0.0339635650694504,0.0362014015451228,0.0386043279025561,0.0414446768706573,0.0446300994789917,0.0481009896179862,0.0517613295009268,0.0554211233334397,0.0590585378132492,0.0626171962385186,0.0660621932190282,0.0695093035268195,0.0729789372439457,0.0763219804616406,0.0793098744783622,0.0817088876439289,0.0835497850056607,0.0850651488446103,0.086378611955053,0.0875679207510584,0.0887914275910088,0.0901297156852275,0.0914771037270708,0.0927593139910171,0.0940310810604472,0.0953951645100395,0.0969696796718237,0.098733887281788,0.100534088934307,0.102316119550076,0.104161174263232,0.106097806138815,0.108031249465959,0.109863910892627,0.11157042465059,0.113218395800782,0.114883478256972,0.11654456682274,0.118167717081769,0.119796695494603,0.121470757184566,0.123159376947955,0.124849462103568,0.126595738016647,0.128452421927297,0.130425214354125,0.132492490943867,0.134638718544817,0.136880182638119,0.139266151898257,0.141831454889446,0.144555140234537,0.147364364182006,0.150173521813949,0.152909547300833,0.1555133778935,0.157958429864991,0.160257369697478,0.162440880651126,0.16454570454168,0.166610063759461,0.168665151237625,0.170729167833644,0.172812853013493,0.174936258024537,0.17713180135062,0.179423582287809,0.181808295260007,0.184258799577999,0.186736854791917,0.189205867765846,0.191650589514795,0.194086851877176,0.196545987163157,0.19904823685926,0.201590227501652,0.204157975562668,0.206753569547065,0.209404150536551,0.212141970455391,0.214977505118624,0.217888095086665,0.220825684488923,0.223738738983055,0.226597844084541,0.229405970007797,0.232185350953046,0.234955516000606,0.237721695781845,0.240479402648842,0.243230219665256,0.245994465902751,0.248807939095557,0.251708158045884,0.254721896714784,0.257855472656528,0.261090244226948,0.264387459268524,0.267696771843426,0.270961875092555,0.27412572584547,0.277141671858536,0.279989263523705,0.28268167960156,0.285256370914504,0.287756061180867,0.290209017864324,0.292614551347862,0.294945766619881,0.29717332664423,0.299289745639446,0.301313023232061,0.303276045431124,0.305217882107956,0.307178646376847,0.309195921520309,0.311305573166435,0.313543149028786,0.315937835541201,0.31850064998508,0.321218391615598,0.324060231374282,0.326991520805518,0.329984959650843,0.333025678339106,0.336114073405135,0.339266010709183,0.342503788708608,0.345838912579042,0.349261362779601,0.352745592017055,0.356267338197156,0.359817419586192,0.363404738345893,0.367050865509117,0.37077880551627,0.374597296566828,0.378490855673803,0.382427048762601,0.386378924039308,0.390347528184369,0.394368184913613,0.398495776209414,0.402779076819218,0.407239139286823,0.411860927324097,0.416600428146808,0.421400960856012,0.426208957274166,0.430983928846212,0.435699039189609,0.440332259030553,0.444860177446183,0.449270048012877,0.453586736842178,0.457885986914751,0.462275371955993,0.46685279329251,0.471669790096536,0.476717508608726,0.481940208288041,0.487262441133519,0.49261382247249,0.497941188705916,0.503213292320097,0.508429823149162,0.513638015467324,0.5189276783719,0.524371849072232,0.529934918450542,0.535461477249976,0.540816164967641,0.546072627553182,0.551463110662386,0.557137150277686,0.562933517807517,0.568548839469111,0.573755095643302,0.578563176816829,0.58321452028153,0.588072227129471,0.593351111780842,0.598847394272737,0.604306664649826,0.609780244851305,0.614622745646193,0.61794698317868,0.620506211863491,0.623028633973592,0.626506805610298,0.631576870842617,0.636136198700326,0.635226570025481,0.638837288778893,0.651442188793947,0.62748082081457,0.601304765460592,0.575224085892032,0.549624089325906,0.522950936084723,0.493888391782821,0.464112829545684,0.435996557703031,0.412322985637302,0.394225712251541,0.373777845561934,0.348810405984273,0.322231567833992,0.296186267887858,0.270056104880677,0.242467269574158,0.213409592908203,0.195704750351313,0.176638863284303,0.160884294787707,0.144002738745931,0.125148643600322,0.102873260408058,0.0793753201558366,0.0563048847499377,0.0340935510899315,0.0114749096315789,8.15704378160137e-07,2.37626945904279e-13,7.49314788110306e-51,0,0,0,0,0,0,0,0,0,0,0,0,0,0,0,0,0,0,0,0,0,0,0,0,0,0,0,0,0,0,0,0,0,0,0,0,0,0,0,0,0,0,0,0,0,0,0,0,0,0,0,0,0,0,0,0,0,0,0,0,0,0,0,0,0,0,0,0,0,0,0,0,0,0,0,0,0,0,0,0,0,0,0,0,0,0,0,0,0,0,0,0,0,0,0,0,0,0,0,0,0,0,0,0,0,0,0,0,0,0,0,0,0,0,0,0,0,0,0,0,0,0,0,0,0,0,0,0,0,0,0,0,0,0,0,0,0,0,0,0,0,0,0,0,0,0,0,0,0,0,0,0,0,0,0,0,0,0,0,0,0,0,0,0,0,0,0,0,0,0,0,0,0,0,0,0,0,0,0,0,0,0,0,0,0,0,0,0,0,0,0,0,0,0,0,0,0,0,0,0,0,0,0,0,0,0,0,0,0,0,0,0,0,0,0,0,0,0,0,0,0,0,0,0,0,0,0,0,0,0,0,0,0,0,0,0,0,0,0,0,0,0,0,0,0,0,0,0,0,0,0,0,0,0,0,0,0,0,0,0,0,0,0,0
0,0.00431981200842148,0.00830736470460382,0.0118703751525118,0.0153076371890512,0.0183706752236746,0.0210923839261556,0.0235907543423698,0.0259616876483379,0.0282424815253466,0.0304608509080117,0.0326685391495005,0.0349482146588405,0.0375491807249574,0.0406333219221093,0.0440094373201676,0.0475443224104014,0.051214135942086,0.0548618637096648,0.0583951711915424,0.0617517613452707,0.0649684082020379,0.0682006793062151,0.0714403444457823,0.0745624815525821,0.077392226194711,0.0797501416353602,0.0816925782402011,0.0834206142400613,0.0850040791423195,0.0864784766858571,0.0879916217235347,0.0896224740613953,0.0912496339140848,0.092793662016494,0.0942956356561862,0.0958537440343907,0.0975857166894785,0.0994615853917204,0.10134894620882,0.10321182895368,0.10510941844748,0.107050592551351,0.108961562889161,0.110794255554219,0.112534124852592,0.114208312861677,0.115874488908284,0.117535282331493,0.119174468432968,0.120828576728004,0.12253421411034,0.124267683203713,0.12599874485035,0.127753101699148,0.129589700066408,0.131540129864629,0.133594412228501,0.135743991657264,0.13801143899119,0.140437717985656,0.143040285904456,0.145788110101447,0.148603650300956,0.151401472660728,0.154112467831521,0.156683424165217,0.159100927422387,0.161394509609656,0.163605500866938,0.165768683665238,0.167910561069044,0.170052537987241,0.172207718141734,0.174382061842079,0.176592886471415,0.17887314173358,0.181245435323441,0.183700085347729,0.186206100563507,0.18873009059971,0.191244645845211,0.193739783457255,0.196229190902837,0.198737425643649,0.201278864007571,0.203851743057329,0.206453967952254,0.209100472033849,0.2118183941378,0.214625541258353,0.217515769137316,0.220460623447389,0.223420094948298,0.226360064106669,0.229271050181639,0.232167878936005,0.235066835920896,0.237965355640294,0.240843469842558,0.243680767340883,0.24647632258015,0.249259106196711,0.252078557358539,0.254983103405699,0.258002531428904,0.261138438063609,0.264365006345345,0.267640374919178,0.270917527048263,0.274146502780014,0.277274009226888,0.280252543373463,0.283058371936973,0.285701416374544,0.288218567560735,0.290658210984953,0.293061370439943,0.295442545513798,0.297784648862002,0.300059140694917,0.302254785046266,0.304387462354239,0.306489669905442,0.308597793841009,0.310745688054421,0.312963602429486,0.31528181575122,0.317732964683929,0.320345401209215,0.323131779662263,0.326084401636035,0.329179471918415,0.332383512895569,0.335658975514318,0.338972329527305,0.342306416700096,0.345668884353164,0.349084885041197,0.352575693330167,0.356141665173834,0.359763215626685,0.363417240170805,0.367095638097835,0.370812528063131,0.374597709434646,0.378481261514783,0.382474661669913,0.386560030026441,0.390699039607938,0.394859031038017,0.399038159508113,0.403270725404672,0.407609413584487,0.412098518725574,0.416753656290973,0.421555110102235,0.426456229375648,0.431400901595317,0.436340063432777,0.441241798065184,0.446090403483129,0.45087368607344,0.455571170144921,0.460161763419536,0.464651019834452,0.469092011354028,0.473578718188115,0.478211917856063,0.483053368954494,0.488094541810203,0.49326218283987,0.498464857316389,0.50364095151287,0.508785785979509,0.513934297785626,0.519123910856062,0.52436385300504,0.529644388900742,0.534943948197992,0.540218899379172,0.545386936020901,0.550406703534919,0.555372869758574,0.560517388428989,0.565985438994368,0.571676460306732,0.577224138858422,0.582269997873741,0.586661988411797,0.590933862557518,0.595813452697849,0.601273453449479,0.606378597523628,0.61059687641869,0.614363765019991,0.61839047490079,0.622664781159113,0.625983550465385,0.627328195188207,0.627962744186125,0.634332951387009,0.638528972364847,0.636702085932146,0.63081584129569,0.605861426293264,0.581700960307066,0.557655627805909,0.532399324090725,0.506707452474263,0.482494335273368,0.457592622740387,0.43038068571653,0.401460183826664,0.374194487387479,0.352093006603323,0.336208256622288,0.317326020294317,0.294555839890877,0.270424766045043,0.248330789695053,0.226748414685034,0.202499925818117,0.176278981626574,0.146186775163421,0.107034589780861,0.0888915896780387,0.0853886452894301,0.0753197473364163,0.0562349645114338,0.0343127383761694,0.0115598809604235,4.03970668452792e-08,1.18255854748198e-14,-8.61325523819232e-153,0,0,0,0,0,0,0,0,0,0,0,0,0,0,0,0,0,0,0,0,0,0,0,0,0,0,0,0,0,0,0,0,0,0,0,0,0,0,0,0,0,0,0,0,0,0,0,0,0,0,0,0,0,0,0,0,0,0,0,0,0,0,0,0,0,0,0,0,0,0,0,0,0,0,0,0,0,0,0,0,0,0,0,0,0,0,0,0,0,0,0,0,0,0,0,0,0,0,0,0,0,0,0,0,0,0,0,0,0,0,0,0,0,0,0,0,0,0,0,0,0,0,0,0,0,0,0,0,0,0,0,0,0,0,0,0,0,0,0,0,0,0,0,0,0,0,0,0,0,0,0,0,0,0,0,0,0,0,0,0,0,0,0,0,0,0,0,0,0,0,0,0,0,0,0,0,0,0,0,0,0,0,0,0,0,0,0,0,0,0,0,0,0,0,0,0,0,0,0,0,0,0,0,0,0,0,0,0,0,0,0,0,0,0,0,0,0,0,0,0,0,0,0,0,0,0,0,0,0,0,0,0,0,0,0,0,0,0,0,0,0,0,0,0,0,0,0,0,0,0,0,0,0,0,0,0,0,0,0,0,0,0,0,0,0
0,0.00419638525255955,0.00810790613561723,0.0115737778710619,0.0148740377820682,0.0177941808090884,0.0203841790869907,0.0227890404118872,0.0250827093920642,0.0272819141844237,0.0294428272656287,0.0316064227915159,0.0339332861763796,0.0366914846366384,0.0399395663574557,0.0434037191570797,0.0468779203621843,0.0504367376622767,0.0540109768390195,0.0574468453027566,0.0606537644624277,0.0637078023161722,0.0667660525725289,0.0697869651755694,0.0726832632546756,0.0753395616126647,0.0776445193850515,0.0796883033412338,0.0816286137420836,0.0834797313893953,0.0852364519188197,0.0870140810238926,0.0888744324247737,0.0907178368376335,0.0924988456800691,0.0942474343171336,0.0960374207064826,0.0979531116765577,0.0999490743982176,0.101943562413989,0.103929667501034,0.10592509101385,0.107904535710798,0.109818743959745,0.111678672987471,0.113486121774164,0.115220692186208,0.11691299690089,0.118595323451699,0.120276695156151,0.121978657131821,0.123724899521358,0.125503739596773,0.127280826003066,0.129058456125985,0.130895049203545,0.132842314638182,0.134903117442212,0.137077993523146,0.139391989841094,0.141870000014579,0.144506124913347,0.147260223179506,0.150060672226222,0.152836093072962,0.15552966935082,0.158095027174981,0.160524583549415,0.162854633183701,0.165132208053812,0.167389187572835,0.169639723643234,0.171893590957249,0.174157038434422,0.176431549170077,0.178732006045467,0.181090066152151,0.183525768133742,0.186026108613155,0.188561332280336,0.191107380545568,0.193650252299812,0.196188442642144,0.198733866080106,0.201302076225271,0.203899112107327,0.206524438064457,0.209188970708827,0.211919442980556,0.21473787036066,0.217641084895002,0.220601894513477,0.22358498367863,0.226560635340182,0.229516317608019,0.232465081040456,0.235432789814362,0.238428680932375,0.241431006993727,0.244401870964405,0.247312633288977,0.250163276228547,0.252988750924791,0.25584531460207,0.258784994676365,0.261835345336607,0.264989867337181,0.268211763221761,0.271451384812639,0.274663912118434,0.277813412006124,0.280866018221538,0.283789078372237,0.286562497120567,0.289188490125677,0.291691598615579,0.294113020346128,0.296498794917894,0.298880565947739,0.301261126391822,0.303621659166938,0.305945861091601,0.308235506768359,0.310507456992676,0.312785640265553,0.315098344370573,0.317478299879746,0.319961952028739,0.322585620062114,0.325377418618052,0.328350617764793,0.331504554426904,0.334827312954605,0.33829252847668,0.341856653008789,0.34546842983516,0.349089927767587,0.352713199746945,0.356357238557124,0.360047045062171,0.363792702155726,0.367583036399192,0.371397301273229,0.375226186381086,0.379084220726547,0.383004690112057,0.387022781815152,0.391155135540215,0.39538735237684,0.399681946456606,0.404005812427113,0.408356524892439,0.412765776819352,0.417278920559802,0.42192871429571,0.426719483564534,0.431625147486208,0.436599233439202,0.441588794327995,0.446547314893692,0.451448693807804,0.456296614807721,0.46111444892311,0.465918547416667,0.470699992926549,0.47543709818624,0.480129146714468,0.484821398007298,0.489588678926229,0.494481124734571,0.499472673158034,0.50447067010893,0.509383331184667,0.514196177778382,0.518988858103502,0.523889699021785,0.528976673622341,0.534220122186094,0.539496711071793,0.544691076034134,0.549724931617464,0.554544255941778,0.559092323760554,0.563513557080738,0.568139266370187,0.573292514611418,0.578772825788088,0.584005560565799,0.588530810244363,0.592565914421464,0.596652988005754,0.601083933271102,0.605467093876387,0.609936662754194,0.614218106081605,0.617217759598486,0.619615444239311,0.624089961262564,0.630360104313139,0.633062087087205,0.629905591252548,0.63013425733221,0.640056657790105,0.614484877623848,0.587702507933964,0.561249390505055,0.535926673460823,0.512747023702601,0.489028875440736,0.462728660400113,0.436512818435982,0.41214231161927,0.391669667574531,0.368721535864997,0.341849409897156,0.314287547566517,0.28994309998283,0.26851261619969,0.253769229558553,0.233253913300973,0.212790989985681,0.194951996341852,0.176981255380735,0.155188384847439,0.130904253731855,0.103681542829928,0.0789446204126255,0.0585283242529946,0.0366726569372997,0.0130877958262508,0.000448677294927252,1.93359548011194e-09,5.84819063152846e-16,0,0,0,0,0,0,0,0,0,0,0,0,0,0,0,0,0,0,0,0,0,0,0,0,0,0,0,0,0,0,0,0,0,0,0,0,0,0,0,0,0,0,0,0,0,0,0,0,0,0,0,0,0,0,0,0,0,0,0,0,0,0,0,0,0,0,0,0,0,0,0,0,0,0,0,0,0,0,0,0,0,0,0,0,0,0,0,0,0,0,0,0,0,0,0,0,0,0,0,0,0,0,0,0,0,0,0,0,0,0,0,0,0,0,0,0,0,0,0,0,0,0,0,0,0,0,0,0,0,0,0,0,0,0,0,0,0,0,0,0,0,0,0,0,0,0,0,0,0,0,0,0,0,0,0,0,0,0,0,0,0,0,0,0,0,0,0,0,0,0,0,0,0,0,0,0,0,0,0,0,0,0,0,0,0,0,0,0,0,0,0,0,0,0,0,0,0,0,0,0,0,0,0,0,0,0,0,0,0,0,0,0,0,0,0,0,0,0,0,0,0,0,0,0,0,0,0,0,0,0,0,0,0,0,0,0,0,0,0,0,0,0,0,0,0,0,0,0,0,0,0,0,0,0,0,0,0,0,0,0,0,0,0,0,0,0,0
0,0.00406910452031961,0.00789549706954243,0.011260441197525,0.0144243945941179,0.0172286718089237,0.0197355070956882,0.0221070615703949,0.0243696876142372,0.0265169067122512,0.028650684014746,0.0308021314369966,0.0331776517656352,0.0360378758525964,0.0393554591498848,0.0428046568104167,0.0461220727616658,0.0494698036011249,0.0529071120228068,0.0562576339071389,0.0593851913812493,0.0623634654941348,0.0653066781006809,0.0681354708375199,0.0708139947017189,0.073295868609144,0.0755545318075618,0.0777108326833066,0.0798589079758597,0.0819590924813099,0.0839737579976772,0.0859694931975796,0.087987013230569,0.0899894170315746,0.0919861635136034,0.0939829558041168,0.0960114734224323,0.0981080394997261,0.100219391724951,0.102334492147827,0.104475780692275,0.106603908595458,0.10865432845387,0.110606002753083,0.112523541290199,0.114422166792975,0.116238568880401,0.117979003501973,0.119707034816658,0.12145692695692,0.123230061466095,0.125029658860713,0.126856874956478,0.128684922475351,0.130502443573779,0.132362895605138,0.134330041512843,0.136419413946546,0.138640290105744,0.141015682464992,0.143551621780605,0.146219703223481,0.148973839044346,0.151754915310054,0.154511996463927,0.157204489681944,0.15979508304156,0.16227771960257,0.164685641626272,0.167062858521806,0.169434376257223,0.171802957274608,0.174168858883271,0.176532837431632,0.17889373650817,0.181265275408642,0.183677557170837,0.186149787695428,0.188672375638012,0.191223786697047,0.19379097512461,0.196370402437166,0.198964813168563,0.201581371985203,0.204226126260127,0.206898464493351,0.209601048626446,0.212357403278843,0.215202155246043,0.218146334443257,0.221161084203925,0.224196801819834,0.227213320896936,0.230195486241577,0.233156135761929,0.236130330410002,0.239150461944496,0.24221603622738,0.245290003049796,0.248325685481076,0.25129534767817,0.254203971937802,0.257089415448349,0.260006485417497,0.263001884905807,0.266095112726754,0.269269888779442,0.272478833604447,0.275664150400805,0.278782588718132,0.281815691463105,0.284759420718424,0.28760934292089,0.290357349087539,0.292997127634619,0.295532739496388,0.297987147537963,0.300401917461561,0.302821703841194,0.305271287993964,0.307745535050065,0.310222446286379,0.312683491620474,0.315124010959123,0.317555832477664,0.320008709759873,0.322527639929594,0.325162905096994,0.327956856865798,0.330934321207232,0.334102826838065,0.337461352475297,0.341003994976546,0.344710416763765,0.348536725948075,0.35242413019053,0.356322649230054,0.360211080412069,0.364098892567383,0.3680101173027,0.371961201502772,0.375946514829148,0.379943401045247,0.383935464053869,0.387932133324327,0.391967689950976,0.39608483133004,0.400312343836251,0.404647779182935,0.409060459315026,0.413518342258847,0.418015910849537,0.422577673766109,0.42723624991145,0.432007863112568,0.436883046071318,0.441832776198914,0.446818708222091,0.451795361680941,0.456710096239597,0.461523808888396,0.466245707763155,0.470942329519081,0.475696691966136,0.480548729562758,0.485472596389914,0.490412485205405,0.495334518427858,0.500241546312459,0.505140485488143,0.510009675655519,0.514786308540658,0.519408981201127,0.523870885834795,0.528274454710907,0.532795219169915,0.537591676793502,0.542689041835506,0.547972877742544,0.553223596906859,0.558208833775351,0.562712067679826,0.566727249183732,0.570568242735151,0.574836422820715,0.579730254449339,0.584987907240027,0.589821162297781,0.593981518892862,0.59778417133734,0.60196225111052,0.6062107285765,0.609494627688604,0.611677288468571,0.613600737096148,0.615790541871697,0.619053848419532,0.622482322657437,0.622726465447965,0.627630534469622,0.638343137822424,0.618813287596402,0.593442201589041,0.568867191667017,0.544577750595781,0.519335822317998,0.49356781777353,0.469365813614075,0.447836769990077,0.424341891552909,0.397807594060667,0.371511160198832,0.349315388483942,0.333314747874581,0.313345345878957,0.289559439998642,0.266488902981986,0.243273083679582,0.217046161876612,0.186786292849868,0.168503802814984,0.151654658108075,0.140872372797163,0.126427033775096,0.105757749815797,0.0818779064947065,0.0580066311076826,0.0353317431739447,0.0119275938807578,1.738238881022e-05,7.58403095329218e-11,2.72008866582563e-17,0,0,0,0,0,0,0,0,0,0,0,0,0,0,0,0,0,0,0,0,0,0,0,0,0,0,0,0,0,0,0,0,0,0,0,0,0,0,0,0,0,0,0,0,0,0,0,0,0,0,0,0,0,0,0,0,0,0,0,0,0,0,0,0,0,0,0,0,0,0,0,0,0,0,0,0,0,0,0,0,0,0,0,0,0,0,0,0,0,0,0,0,0,0,0,0,0,0,0,0,0,0,0,0,0,0,0,0,0,0,0,0,0,0,0,0,0,0,0,0,0,0,0,0,0,0,0,0,0,0,0,0,0,0,0,0,0,0,0,0,0,0,0,0,0,0,0,0,0,0,0,0,0,0,0,0,0,0,0,0,0,0,0,0,0,0,0,0,0,0,0,0,0,0,0,0,0,0,0,0,0,0,0,0,0,0,0,0,0,0,0,0,0,0,0,0,0,0,0,0,0,0,0,0,0,0,0,0,0,0,0,0,0,0,0,0,0,0,0,0,0,0,0,0,0,0,0,0,0,0,0,0,0,0,0,0,0,0,0,0,0,0,0,0,0,0,0,0,0,0,0,0,0,0,0,0,0,0,0,0,0,0,0,0,0,0,0,0
0,0.003940747900247,0.00767147277170733,0.010937258739538,0.0139822333674656,0.0167105114933959,0.0191854799967637,0.0215728623402967,0.0238329711102562,0.0259416543629302,0.0280624878629199,0.0302171770321205,0.0326250549863499,0.0355183240853623,0.0388037175826707,0.0421534063060693,0.045279041932587,0.04837762424617,0.0516391586202441,0.0549127360180467,0.0580149550144139,0.06098408681841,0.0638599017208414,0.066529547288401,0.0690167450335874,0.071353129978227,0.0736064013372085,0.0759040664487099,0.0782513369649537,0.0805641431443517,0.0827901404029705,0.0849459479757409,0.0870595750154021,0.0891817540981951,0.0913730068989053,0.0935985708380097,0.0958425589129047,0.0980992157787735,0.100320265538218,0.1025638950235,0.104872332194328,0.107148601834212,0.109297075267111,0.111325443406556,0.11333362090701,0.115342250250558,0.117258614132582,0.119071979824395,0.120870263696992,0.122707521762831,0.124567230096618,0.126432383323926,0.12831576498827,0.130204902591102,0.13208269588442,0.133993382762405,0.136005464213039,0.138147081948222,0.140434181438625,0.142882680312486,0.145479829936143,0.148180326581277,0.150937640021993,0.153708765202509,0.156463032835932,0.159175563784502,0.161820580984968,0.164392612560658,0.166914472301223,0.169417223227183,0.171912684778698,0.174392776215471,0.17685219480358,0.179290331362867,0.18170712145231,0.184117194855126,0.186550138813774,0.189028231763727,0.191553550870234,0.194118914084322,0.196720385383205,0.199357731761753,0.20203138876792,0.204740265044737,0.207480516758764,0.210247555190067,0.21305018441377,0.215922841983758,0.218901552319353,0.221980320776207,0.225103201418543,0.228201670084092,0.231237025538936,0.234214573032412,0.237173580988784,0.240165365362732,0.243221054055338,0.246327876236516,0.249438519452674,0.252506643848232,0.25551366903798,0.258473233091284,0.261423580628767,0.264410893312591,0.267468314753959,0.270601601914364,0.27378399186521,0.276961426186144,0.280072834653074,0.283078769116329,0.285978235039496,0.288798376043804,0.291567629075432,0.29429600425225,0.296973011336819,0.299582573317364,0.302125139889055,0.304629214711033,0.307141224272048,0.309698020344075,0.312303295612512,0.314930201179177,0.317545929371786,0.320135221191642,0.322710031055397,0.325308066861205,0.32798363464786,0.330791739104761,0.333771250783392,0.336937416072288,0.34028919551514,0.343823300768719,0.347537154796436,0.351415989183945,0.35542225711473,0.359503573107666,0.363612544043087,0.367722716255169,0.371832878484979,0.375957931737746,0.380110004448755,0.384280356521071,0.388440005488675,0.392565118793997,0.396663178185212,0.400774987146786,0.404956065504944,0.409249499698006,0.413662272183653,0.41816443762916,0.422717774988159,0.427309431521438,0.431958542666927,0.43669305390693,0.441521794277125,0.446427831731256,0.451381073170027,0.456351492690503,0.461300069543257,0.466166081915088,0.470889796195403,0.4754694013372,0.479990392260496,0.484586545487921,0.489356066034922,0.494307233631748,0.499367475965934,0.504430351202559,0.509399884080284,0.514232421586162,0.518934614672763,0.523512929001389,0.527903593929731,0.532052631870558,0.536022169050102,0.540073961553147,0.544497155920601,0.549438964199784,0.554751660620109,0.560111185522401,0.565074252901218,0.569354699969271,0.572917827781157,0.57630447439243,0.580014561065531,0.584117767090519,0.588199493631803,0.592333063420627,0.596265462564848,0.599611382308737,0.602204359867499,0.605525475664478,0.609419631649968,0.612232531284203,0.613189096133793,0.613950007301731,0.617702777831895,0.621417419274656,0.623032922844201,0.620961976379188,0.598112817125689,0.574929786469595,0.550832132608029,0.526479335151728,0.503705031506164,0.480843748263392,0.456146456985718,0.430918134799608,0.408099193982824,0.388707061350651,0.365864952248671,0.338630885106779,0.311697618914225,0.290376357468248,0.277150174622123,0.258359592497137,0.238268635590588,0.220216748991516,0.199677162274378,0.169055056703371,0.130328655919692,0.113334219875794,0.107376285606695,0.0986937183434572,0.0802009947499274,0.0583437948140301,0.0354668449432428,0.0119387191510714,8.2419385110399e-07,2.4774907683829e-13,2.08850011984761e-33,0,0,0,0,0,0,0,0,0,0,0,0,0,0,0,0,0,0,0,0,0,0,0,0,0,0,0,0,0,0,0,0,0,0,0,0,0,0,0,0,0,0,0,0,0,0,0,0,0,0,0,0,0,0,0,0,0,0,0,0,0,0,0,0,0,0,0,0,0,0,0,0,0,0,0,0,0,0,0,0,0,0,0,0,0,0,0,0,0,0,0,0,0,0,0,0,0,0,0,0,0,0,0,0,0,0,0,0,0,0,0,0,0,0,0,0,0,0,0,0,0,0,0,0,0,0,0,0,0,0,0,0,0,0,0,0,0,0,0,0,0,0,0,0,0,0,0,0,0,0,0,0,0,0,0,0,0,0,0,0,0,0,0,0,0,0,0,0,0,0,0,0,0,0,0,0,0,0,0,0,0,0,0,0,0,0,0,0,0,0,0,0,0,0,0,0,0,0,0,0,0,0,0,0,0,0,0,0,0,0,0,0,0,0,0,0,0,0,0,0,0,0,0,0,0,0,0,0,0,0,0,0,0,0,0,0,0,0,0,0,0,0,0,0,0,0,0,0,0,0,0,0,0,0,0,0,0,0,0,0,0,0,0,0,0,0,0,0,0
0,0.00380900935307609,0.00743001906883414,0.0105980862179321,0.0135464240894877,0.0162387262322952,0.0187254663309103,0.0211558210681441,0.0234262604290813,0.0255140036313286,0.0276391583725493,0.0298080146782535,0.0322280077102121,0.0350916029987647,0.0382580635834474,0.0414557382307382,0.0444125682720931,0.0472855668691004,0.0503578141856138,0.0535427368059483,0.0566284925546292,0.0596056141719254,0.0624334495122717,0.0649808115056016,0.0673261499759687,0.0695750119860307,0.0718795090036584,0.074341626522342,0.0768672607892116,0.0793475869215901,0.0817362000463938,0.0840092889235419,0.086190811658486,0.0884141627400153,0.0907712536614493,0.0931843394829446,0.0956000804347195,0.0979882128593173,0.100315554064512,0.102689551264477,0.105159152799955,0.107583833156519,0.109850662412253,0.111989654771492,0.114113455587111,0.116243100446911,0.118276424908899,0.120192724116048,0.122088826417291,0.124027926395614,0.125981917810336,0.127920881782401,0.129869504350659,0.131833239123851,0.133794218262639,0.13578332299193,0.137867110040929,0.140085083530482,0.142456705209086,0.144987118800363,0.147647727781575,0.150384523594267,0.15315593568716,0.155934671325792,0.158705420926831,0.161456288476745,0.164175802430586,0.166860469370078,0.169517879965104,0.17215789202732,0.174774109773875,0.177348832696001,0.179875065833446,0.182354924438645,0.184794402944364,0.187213330781474,0.189643225129531,0.192111618979602,0.194635070856241,0.197221377153771,0.199872142764481,0.202585781714425,0.205357854920806,0.208177691872646,0.211030669284242,0.213909399208376,0.216829971545125,0.219833415997681,0.222948812173944,0.226149078512899,0.229355436356455,0.23248965114014,0.23552349666606,0.238486959083037,0.241441569128119,0.244444191635689,0.247516020593151,0.250632196786586,0.253742515910609,0.256809013191729,0.259827019923428,0.262819849588734,0.265824020777365,0.26887308182719,0.271982161070451,0.275140043290645,0.278309830366099,0.281435988378434,0.28446168459771,0.287356043133491,0.290133948887843,0.292846701734502,0.295548567029027,0.298266759451321,0.300993442689181,0.303702320718869,0.306376839876272,0.30902794411432,0.311689428482224,0.314393427712286,0.317143976205196,0.319914580003061,0.322674081372476,0.325415343612506,0.328162703243866,0.330960121044035,0.333854860933713,0.336883534108781,0.340062793972221,0.343391129346604,0.346863432716721,0.350484135419892,0.354263068103234,0.358198618255074,0.362269126254467,0.366440495597352,0.370677943436887,0.374953513478128,0.379251373517925,0.383567227688733,0.387897622392558,0.39222471008158,0.396515209884108,0.400745595002903,0.404930600898483,0.409123548300501,0.413390513685511,0.417776191061575,0.422278307564068,0.426851105118541,0.431442839073727,0.436037507452973,0.440664769987882,0.445370097181805,0.450176517557479,0.455069544843853,0.460013556821911,0.464971131126351,0.469899617626641,0.474735039714568,0.479414438570145,0.483925419010918,0.488335855563412,0.492765859514934,0.497333734671101,0.502104053219206,0.507055940032008,0.512065145131632,0.516954308007048,0.521605304203507,0.526028877227061,0.530260969918158,0.534276471444137,0.538020375010139,0.541610506304406,0.545328503354698,0.549521473500376,0.554275444281803,0.559385230294283,0.564394584344415,0.56901699619494,0.573099935646008,0.576796057543707,0.579987001319986,0.582977785764875,0.5859701721834,0.589650487012649,0.593521482360167,0.596671054822139,0.599028772008535,0.601753183913426,0.604529862397143,0.60666994413557,0.608013604767415,0.613356517696295,0.615652428590718,0.617300132413433,0.621226108023508,0.598864620047602,0.575472498013146,0.552243250242835,0.530701175633765,0.509498533042431,0.486538964805683,0.463317492185726,0.442477010972967,0.420322483117655,0.395070958723676,0.369959503066132,0.348881166390151,0.332834125136524,0.310735370994054,0.282641831593669,0.255635300230497,0.234585155619102,0.22271264069486,0.205420745487374,0.189200602624396,0.174376273129891,0.155526131093718,0.129641774570966,0.105025621123497,0.0828332442326439,0.0449208464422006,0.0291609587049878,0.0308650624334306,0.0117948528850199,3.35202811501706e-08,1.21689966688912e-14,5.49191527090848e-51,0,0,0,0,0,0,0,0,0,0,0,0,0,0,0,0,0,0,0,0,0,0,0,0,0,0,0,0,0,0,0,0,0,0,0,0,0,0,0,0,0,0,0,0,0,0,0,0,0,0,0,0,0,0,0,0,0,0,0,0,0,0,0,0,0,0,0,0,0,0,0,0,0,0,0,0,0,0,0,0,0,0,0,0,0,0,0,0,0,0,0,0,0,0,0,0,0,0,0,0,0,0,0,0,0,0,0,0,0,0,0,0,0,0,0,0,0,0,0,0,0,0,0,0,0,0,0,0,0,0,0,0,0,0,0,0,0,0,0,0,0,0,0,0,0,0,0,0,0,0,0,0,0,0,0,0,0,0,0,0,0,0,0,0,0,0,0,0,0,0,0,0,0,0,0,0,0,0,0,0,0,0,0,0,0,0,0,0,0,0,0,0,0,0,0,0,0,0,0,0,0,0,0,0,0,0,0,0,0,0,0,0,0,0,0,0,0,0,0,0,0,0,0,0,0,0,0,0,0,0,0,0,0,0,0,0,0,0,0,0,0,0,0,0,0,0,0,0,0,0,0,0,0,0,0,0,0,0,0,0,0,0,0,0,0,0,0,0,0,0
0,0.0036641767299405,0.00715330781704501,0.0102162730072103,0.0130812097822015,0.0157627082939555,0.0182888628502891,0.0207627829569048,0.0230461988826569,0.0251525945867525,0.0273213883450125,0.0295285377002625,0.0319537647345055,0.0347477300069677,0.0377395371382293,0.0407590173403754,0.0435924181045972,0.0462982970025849,0.0491904073925427,0.0522624784987169,0.0553055515936357,0.0582707379329413,0.0610543108924111,0.063525646768847,0.0657976788548683,0.0680274915082702,0.0704229294337183,0.0730412504377308,0.0757073590594405,0.0783116018955437,0.0808266113198724,0.0832011766790247,0.0854583148524533,0.0877844627375729,0.0902793729175916,0.0928352539030982,0.0953782310078438,0.0978698303350468,0.100296411468639,0.102788602722378,0.105393517087698,0.107952089052695,0.110347934741887,0.11262062849367,0.114873852510687,0.117128007552322,0.119293243709089,0.121343879381401,0.123366342439518,0.125419866691949,0.127471890797876,0.129490279195582,0.131513214014058,0.133565243864492,0.135630175062144,0.137722837222376,0.139902598890266,0.142217342190606,0.144686019263536,0.147301336602278,0.150024667907982,0.152803258540981,0.155604684774092,0.158412923930576,0.161219638582141,0.164020799212641,0.166820089688514,0.169618598319636,0.172408396146133,0.175175247316317,0.177893808611451,0.180540022289199,0.183109067822109,0.185608672376749,0.188054851485786,0.19047648935029,0.192907971565531,0.19537963336822,0.197917364908207,0.200538515626314,0.20324779249276,0.206043805644928,0.208920301803678,0.21185834337813,0.214832155085092,0.217831302026415,0.220876844437453,0.224008795337651,0.227241237571198,0.230526778245582,0.233774789550251,0.236910888141997,0.239925700937357,0.242872763747809,0.245825268209195,0.248832211643302,0.251898420639513,0.254991010135947,0.258065869508966,0.261099243466223,0.264100697943603,0.267100697215115,0.270131843570256,0.273214809988524,0.276348027992113,0.279504878719866,0.282640871984661,0.2857044380726,0.28865021305648,0.291460112814133,0.294160996682035,0.296815355842894,0.299487316905388,0.302212544701438,0.304990890654034,0.307800977943778,0.310622842049378,0.313451826999285,0.316298343660868,0.319175819348689,0.322084774423974,0.325010299570838,0.327940306379794,0.330886033202893,0.333881221028263,0.336962301354359,0.340150128595426,0.343444640022407,0.346829833229118,0.350287639462251,0.353816850459719,0.357440353001236,0.361190636961405,0.365089005416467,0.369138663333386,0.373329670500268,0.377640699299425,0.382039547760816,0.386491752130907,0.390969868471722,0.395452410371586,0.39991341623899,0.40432011084558,0.408655275762086,0.412944692455028,0.417252792936653,0.421647580365156,0.426159535348689,0.430758625965882,0.435370299473648,0.439926706424145,0.444417394927525,0.448897053970095,0.453447216790755,0.458121244480028,0.462919093088531,0.467797621653596,0.472701689462792,0.477569889195588,0.482335011365337,0.486942172377435,0.491386979677926,0.495715275893751,0.500003279859573,0.504335157204635,0.508795577883773,0.513425359287314,0.518161875567211,0.522828214697399,0.527244307342769,0.531331067370846,0.535128836545401,0.538690273294406,0.542114888918015,0.545478633791522,0.548973563705247,0.552763280911167,0.556978372158011,0.56147518466183,0.566049684655616,0.570400368307065,0.574516406784261,0.578332204162481,0.581880550201285,0.58446269332429,0.586707080103703,0.589576735972687,0.593826908651199,0.596615281235481,0.597264351203359,0.599471209789164,0.603416938099754,0.605614184854711,0.603181111433062,0.604559795725118,0.618802834122382,0.598755094410422,0.575931668418954,0.553776052313795,0.532008470968062,0.509299068635492,0.486922973837402,0.467159418278079,0.446754254633974,0.423956328757999,0.402440642794874,0.384370985474971,0.36275285084115,0.336817104197527,0.311728059052222,0.292059478115991,0.279033582732167,0.258655641176754,0.235684749390247,0.213971140100666,0.190155452503652,0.160390600742616,0.143897258769035,0.131380466819397,0.122502263477459,0.106150548799845,0.0838580570662114,0.0602008701624683,0.0361339311722869,0.0121660440629346,0.000398329368766354,1.03568554897085e-10,5.64418398159156e-16,-3.69985788438864e-198,0,0,0,0,0,0,0,0,0,0,0,0,0,0,0,0,0,0,0,0,0,0,0,0,0,0,0,0,0,0,0,0,0,0,0,0,0,0,0,0,0,0,0,0,0,0,0,0,0,0,0,0,0,0,0,0,0,0,0,0,0,0,0,0,0,0,0,0,0,0,0,0,0,0,0,0,0,0,0,0,0,0,0,0,0,0,0,0,0,0,0,0,0,0,0,0,0,0,0,0,0,0,0,0,0,0,0,0,0,0,0,0,0,0,0,0,0,0,0,0,0,0,0,0,0,0,0,0,0,0,0,0,0,0,0,0,0,0,0,0,0,0,0,0,0,0,0,0,0,0,0,0,0,0,0,0,0,0,0,0,0,0,0,0,0,0,0,0,0,0,0,0,0,0,0,0,0,0,0,0,0,0,0,0,0,0,0,0,0,0,0,0,0,0,0,0,0,0,0,0,0,0,0,0,0,0,0,0,0,0,0,0,0,0,0,0,0,0,0,0,0,0,0,0,0,0,0,0,0,0,0,0,0,0,0,0,0,0,0,0,0,0,0,0,0,0,0,0,0,0,0,0,0,0,0,0,0,0,0,0,0,0,0,0,0,0,0,0,0,0,0
0,0.00350508774422712,0.00684123514504404,0.00978749306078824,0.0125723599833798,0.0152505274477903,0.0178267263445572,0.0203259061655634,0.0226221233848944,0.024804116859387,0.0270731025100402,0.029357444397353,0.0317984283302477,0.0345073932772395,0.037300998501198,0.0401268899848058,0.0428673032447553,0.0454673637038347,0.048202922393358,0.0511384778512816,0.0541002697743414,0.0570199688217308,0.0597611478452521,0.0622108550300694,0.0644858229019984,0.0667598216822176,0.0692583946400315,0.0719957704641069,0.0747571719654269,0.0774505516644665,0.0800683593677027,0.0825453284426713,0.0849034327917993,0.0873440379711311,0.0899565965104482,0.0926243277679388,0.0952667268374672,0.0978444345471478,0.100361416416951,0.102947301409313,0.105645601825642,0.10830933616781,0.110831092091329,0.113245294605508,0.115630166680332,0.118007867750551,0.120319086226487,0.122534775399563,0.124712175957125,0.126893453623089,0.129047989293485,0.131153408698839,0.13326321925714,0.135418818547876,0.137605038518081,0.139819575030697,0.142110766596197,0.144530511955362,0.147094837366113,0.149786440221634,0.152564868458564,0.155387943373397,0.158233693881422,0.161090706878289,0.163949594765984,0.166807993483177,0.169680523471836,0.172572857552345,0.175465644462963,0.178325794708055,0.181115035705054,0.183809058851083,0.186408770112194,0.188928354292497,0.191394060891423,0.193842969872378,0.196308957644359,0.198819445762941,0.201401548403061,0.204075279742346,0.206848179279006,0.209724047709093,0.212699701164989,0.215750755527247,0.218841956641202,0.22195908732529,0.225122300503391,0.228361124727978,0.231669647751954,0.234987143409751,0.238227568043837,0.241335286957743,0.24432361472108,0.247260997077251,0.250217485113265,0.253223042638222,0.256264861375463,0.259309112106768,0.262326041208103,0.265308844532686,0.268277400304485,0.271263090644189,0.274291386711357,0.277372613090895,0.280495123575401,0.283623987781377,0.286712995821154,0.289720035884928,0.29261600033228,0.295396354181105,0.298092518975038,0.300762727239438,0.303463071824954,0.306225267393022,0.309056248847899,0.311950265887965,0.314897930468584,0.317887444577826,0.320906096792829,0.323946029396286,0.327007964178524,0.330100452672872,0.333240119106203,0.336451641911033,0.339759391020285,0.343172214294412,0.346674652518471,0.350233059376914,0.353810960474795,0.357386136590831,0.360966396528487,0.364590478527665,0.368309029039229,0.372163732294354,0.376181069525346,0.380371638280679,0.384723239231109,0.389198608608375,0.393749616239971,0.398333874887549,0.402918622635262,0.407472126942874,0.411961117112194,0.416373017625868,0.420741516553506,0.425136847568813,0.429623307741114,0.434214725235551,0.438853905224452,0.443438479075919,0.447884132677031,0.452181651398784,0.456406999223291,0.460676219659643,0.465082958319739,0.469657297000408,0.474373909443126,0.479173285847649,0.483977617741128,0.488689141845081,0.493230965090002,0.497579601611032,0.501786436062866,0.505932489293362,0.510098523225772,0.514322573727118,0.518624280940456,0.522986033019668,0.527334916624339,0.531511577020975,0.535372767685982,0.538890938939758,0.542220843443006,0.545466551452008,0.548658592260723,0.551724486861568,0.55493427463596,0.558525537648805,0.562636934123465,0.566901853971873,0.571141920749515,0.574889498725147,0.578229715507422,0.58108532661521,0.584255785840902,0.586686750363658,0.58827272559125,0.590467972061316,0.594384579135259,0.597448719647611,0.598479696681297,0.597265452145732,0.601254406667602,0.615154336736856,0.598971499202704,0.577364088293996,0.555731281684688,0.533319185740685,0.510972828399601,0.49073766018212,0.470534371531788,0.448284267514076,0.426617205702993,0.406932227430097,0.384743466352657,0.362139473630373,0.343207882662074,0.328985852562824,0.30869348824434,0.28270436426353,0.257319403334399,0.236760578885306,0.224481584916987,0.206002647289484,0.190010080415229,0.17417724229069,0.147118634592958,0.107085779443862,0.0910277655907603,0.0892024637502897,0.0789318142117593,0.059662515909244,0.0366020330933903,0.0123208354311313,8.9428787680388e-07,4.89696205078978e-12,2.04006649936922e-17,0,0,0,0,0,0,0,0,0,0,0,0,0,0,0,0,0,0,0,0,0,0,0,0,0,0,0,0,0,0,0,0,0,0,0,0,0,0,0,0,0,0,0,0,0,0,0,0,0,0,0,0,0,0,0,0,0,0,0,0,0,0,0,0,0,0,0,0,0,0,0,0,0,0,0,0,0,0,0,0,0,0,0,0,0,0,0,0,0,0,0,0,0,0,0,0,0,0,0,0,0,0,0,0,0,0,0,0,0,0,0,0,0,0,0,0,0,0,0,0,0,0,0,0,0,0,0,0,0,0,0,0,0,0,0,0,0,0,0,0,0,0,0,0,0,0,0,0,0,0,0,0,0,0,0,0,0,0,0,0,0,0,0,0,0,0,0,0,0,0,0,0,0,0,0,0,0,0,0,0,0,0,0,0,0,0,0,0,0,0,0,0,0,0,0,0,0,0,0,0,0,0,0,0,0,0,0,0,0,0,0,0,0,0,0,0,0,0,0,0,0,0,0,0,0,0,0,0,0,0,0,0,0,0,0,0,0,0,0,0,0,0,0,0,0,0,0,0,0,0,0,0,0,0,0,0,0,0,0,0,0,0,0,0,0,0,0,0,0,0,0,0,0
0,0.00334528481004103,0.00652210913546759,0.00934590381283386,0.0120478772223724,0.0147115078393086,0.0173249717573453,0.0198241004053929,0.0221416217843217,0.0244560213306377,0.0268784278486002,0.0292820933112673,0.0317639965122107,0.0343994073679822,0.0370076157107323,0.0396386661644996,0.0422958882773163,0.0448375160191927,0.0474448161084866,0.0502273816521519,0.0530726053169201,0.0559132162925552,0.0586131546324083,0.0610910672671745,0.0634340536416951,0.0657967811978238,0.0683869663305902,0.0711937934237745,0.0740108225456695,0.0767702757130116,0.0794758900060601,0.0820603974874449,0.0845433108422664,0.0871075405779925,0.0898237262159211,0.0925873262211874,0.0953176614944803,0.097974937232894,0.100577291430898,0.103234507649014,0.105986236062982,0.108723350223849,0.111356448312681,0.113902953867962,0.116407522279652,0.118899338007202,0.121361702391935,0.123763425756707,0.126120773966579,0.128447620078563,0.130718054520244,0.132928838120038,0.135147162082517,0.13742385773978,0.139742966481899,0.142088533828194,0.144496551526636,0.147016771832084,0.149660953325624,0.152407321388,0.155222699604167,0.158083214832937,0.160977326933291,0.163892750074357,0.166813827605062,0.169733871734007,0.17266896660861,0.175624924922896,0.178577641243136,0.181487269905816,0.184314179865573,0.187041241856931,0.18967667060269,0.192238966517719,0.194759899449505,0.197278087876942,0.199820477602754,0.202406638991458,0.205059772358382,0.207798989837774,0.210636526357079,0.213585237857447,0.216646874796349,0.219794409407125,0.222988032104796,0.226209829542183,0.229470527164426,0.232779590715593,0.236111195973012,0.2394040149389,0.242594322266479,0.245655813878162,0.248620687544613,0.251558073438479,0.254522048941199,0.257520460121557,0.260528867222227,0.263520946031992,0.266486243081284,0.269432963771584,0.272382804552473,0.275357755116636,0.27837091571602,0.28142529248494,0.284508553054401,0.287588826117431,0.290627671323606,0.293597764750187,0.296487446644457,0.29930243749074,0.302070244369388,0.304832996830305,0.307626913141815,0.310469480352735,0.313367243523824,0.316327866640447,0.319357638035598,0.322449431682489,0.325581658627073,0.328736889918675,0.33192268835932,0.335172219934759,0.338524803885759,0.342003999679761,0.345606054976292,0.349301384670062,0.353044722520621,0.356791443664424,0.360511449609667,0.364195591515771,0.36786038270726,0.371546731753862,0.375304716508143,0.37917817328892,0.383199766954802,0.387388041082523,0.391736568760099,0.396211536464036,0.400767018809516,0.405361245888017,0.409957400226291,0.414514793919771,0.418993236548829,0.423382919586595,0.42772805245303,0.432104325990577,0.436571185443763,0.441129635593954,0.44570791805629,0.450188360052451,0.454471389585554,0.458535946046962,0.46245734958805,0.466374070403635,0.470418644457104,0.474672059879918,0.479151401675088,0.483827182674895,0.488608905060285,0.493356914812482,0.497911485357065,0.502182011655397,0.506193392355098,0.510109353407732,0.514104781594437,0.518246150581235,0.522448419723946,0.526608407106943,0.530636330258364,0.534464193330247,0.538054191486623,0.54147993929564,0.544820021925898,0.54812330862673,0.551256992851634,0.554252279450897,0.557193113243618,0.56040403276299,0.563905744751331,0.567466925214626,0.570670745244158,0.573902424934898,0.577178048918071,0.580645280398656,0.582159287088629,0.583063092780685,0.584604723507536,0.587853360839104,0.591687426816182,0.590797654512948,0.595146047288846,0.612246642007584,0.599492368974319,0.578989512628534,0.557019167255162,0.534686553533093,0.513830278559102,0.493289053866333,0.471344098503906,0.450029619515841,0.431570692632621,0.412035207636341,0.391392644983964,0.374295217371916,0.354300492706939,0.33072015452968,0.308233596731339,0.290990087104406,0.279710286231395,0.259759462163143,0.234292214007771,0.208231776752841,0.183248672488223,0.169778562415116,0.15564729372672,0.146391461624527,0.131602587072443,0.107647848867623,0.0820691172765933,0.0450366115998521,0.0299269900306808,0.0318061005070053,0.0121660975239554,4.22206224201408e-08,1.85105433868681e-13,1.95044905091591e-48,0,0,0,0,0,0,0,0,0,0,0,0,0,0,0,0,0,0,0,0,0,0,0,0,0,0,0,0,0,0,0,0,0,0,0,0,0,0,0,0,0,0,0,0,0,0,0,0,0,0,0,0,0,0,0,0,0,0,0,0,0,0,0,0,0,0,0,0,0,0,0,0,0,0,0,0,0,0,0,0,0,0,0,0,0,0,0,0,0,0,0,0,0,0,0,0,0,0,0,0,0,0,0,0,0,0,0,0,0,0,0,0,0,0,0,0,0,0,0,0,0,0,0,0,0,0,0,0,0,0,0,0,0,0,0,0,0,0,0,0,0,0,0,0,0,0,0,0,0,0,0,0,0,0,0,0,0,0,0,0,0,0,0,0,0,0,0,0,0,0,0,0,0,0,0,0,0,0,0,0,0,0,0,0,0,0,0,0,0,0,0,0,0,0,0,0,0,0,0,0,0,0,0,0,0,0,0,0,0,0,0,0,0,0,0,0,0,0,0,0,0,0,0,0,0,0,0,0,0,0,0,0,0,0,0,0,0,0,0,0,0,0,0,0,0,0,0,0,0,0,0,0,0,0,0,0,0,0,0,0,0,0,0,0,0,0,0,0,0,0,0,0,0,0
0,0.00320836458248625,0.00624267726579412,0.00895172356256164,0.0115645563125352,0.0141825338074524,0.0167893516424062,0.0192621174153123,0.0216213901056141,0.0241024880528105,0.0267009994356395,0.02924732876561,0.0317970894808223,0.0343928385511454,0.0368639727538309,0.0393255036853068,0.0419030704330549,0.0444176369161842,0.0469296877563987,0.0495616384135442,0.0522741559587563,0.0550143742431051,0.0576752088724578,0.0602162285378327,0.0626676547253713,0.0651391028443132,0.0677961840875663,0.0706276811795847,0.0734739154753031,0.0762850293338843,0.0790647923355835,0.0817560507936633,0.0843758520137605,0.0870656541863186,0.089875732623402,0.0927281224176345,0.0955412960972181,0.0982757265880189,0.100965307874841,0.103686635858794,0.106468763654774,0.109251810556795,0.111971580001847,0.114626020827774,0.117227503359107,0.119816051397416,0.122419389389337,0.125006961309044,0.12755528704922,0.130045954488338,0.1324569257835,0.134806518378157,0.137167152054414,0.139586030503207,0.142043943213006,0.144519756393011,0.147040900190005,0.149650224521959,0.152353992256921,0.155130147072383,0.157958467396165,0.16083786516123,0.163768964751959,0.166738219724061,0.169721894262564,0.172703932806539,0.175690802717893,0.178682236545737,0.181656760370946,0.18458179157261,0.187427999478977,0.190190099102985,0.192881969116181,0.195522437152739,0.198141149044442,0.200768200755837,0.203417745846166,0.206101048163159,0.208837791237595,0.211646494566421,0.214545076944987,0.217554538989226,0.220679981850629,0.223895808637939,0.22716555668181,0.230468325122524,0.233796380100398,0.237132196467752,0.24043553214273,0.243659669788606,0.24677613383387,0.249789175931214,0.252738555139768,0.255679498051473,0.258644887957405,0.261628371727508,0.264606691537798,0.267568472170671,0.270520819584356,0.27347859977934,0.276453848978449,0.27944896869391,0.282460327275426,0.285486832777584,0.288523556362412,0.291551866508648,0.294549525852638,0.297507117202897,0.300427858647865,0.303322668711907,0.306210437329062,0.309114657882795,0.312050238927683,0.315015846666774,0.318006533839735,0.321029707204197,0.324101780334541,0.327230505501206,0.330407731088017,0.333626291851504,0.336903609373677,0.340281926639942,0.343801959418332,0.347472252048996,0.35126003908264,0.355108889733882,0.35896526435888,0.362797264097681,0.366598579821726,0.370378369518223,0.374156066421198,0.37796085430639,0.381823946397319,0.385768953191411,0.389813600316111,0.393972305978516,0.398249312494092,0.402631842041452,0.407097744314676,0.411620298381271,0.416159724174691,0.420656326464846,0.425054626751128,0.429352722508749,0.433616075548012,0.437928742554697,0.442332130540825,0.446803103767789,0.451256106739605,0.455575895593457,0.459662316685991,0.463481429969803,0.467090588544701,0.470625333677682,0.474244859442661,0.478076731520258,0.482202068297203,0.486633361029575,0.491303021023941,0.496047062318096,0.500667585218342,0.504978527872759,0.508938657316091,0.512683025550658,0.5165028258251,0.520548384055392,0.524748222059811,0.528821626733689,0.532561380912079,0.535919986050399,0.539124085339083,0.542459675697914,0.546089909223958,0.549849334139833,0.553573026070467,0.556934786116941,0.559873920074222,0.562193370310191,0.564149188222751,0.566430397936469,0.569669128666266,0.573321540372907,0.576855539650917,0.580172303092468,0.582210552174877,0.580622060265833,0.581318967113769,0.585530396247885,0.587652390618343,0.592595765139752,0.59671657160544,0.578293288737451,0.558576130962989,0.538647335684533,0.518002633302898,0.495981279053176,0.474525641029353,0.456133761105128,0.437433287559736,0.4163408310371,0.398071829288983,0.37896311280607,0.357424638423741,0.337881608240924,0.323835965011914,0.305069356074878,0.281494852181165,0.258614562177156,0.239969188670605,0.228458059393186,0.208846924253747,0.188443595368637,0.163914675795714,0.132014786906569,0.118252986935696,0.112148573260957,0.102539615952702,0.0849678517669973,0.0615763218323636,0.037205813327202,0.0125427443667045,0.000414276442931987,1.68031267481124e-09,5.84819063158561e-16,-1.21825241040682e-152,0,0,0,0,0,0,0,0,0,0,0,0,0,0,0,0,0,0,0,0,0,0,0,0,0,0,0,0,0,0,0,0,0,0,0,0,0,0,0,0,0,0,0,0,0,0,0,0,0,0,0,0,0,0,0,0,0,0,0,0,0,0,0,0,0,0,0,0,0,0,0,0,0,0,0,0,0,0,0,0,0,0,0,0,0,0,0,0,0,0,0,0,0,0,0,0,0,0,0,0,0,0,0,0,0,0,0,0,0,0,0,0,0,0,0,0,0,0,0,0,0,0,0,0,0,0,0,0,0,0,0,0,0,0,0,0,0,0,0,0,0,0,0,0,0,0,0,0,0,0,0,0,0,0,0,0,0,0,0,0,0,0,0,0,0,0,0,0,0,0,0,0,0,0,0,0,0,0,0,0,0,0,0,0,0,0,0,0,0,0,0,0,0,0,0,0,0,0,0,0,0,0,0,0,0,0,0,0,0,0,0,0,0,0,0,0,0,0,0,0,0,0,0,0,0,0,0,0,0,0,0,0,0,0,0,0,0,0,0,0,0,0,0,0,0,0,0,0,0,0,0,0,0,0,0,0,0,0,0,0,0,0,0,0,0,0,0,0,0,0,0,0,0,0,0
0,0.00311869642403334,0.00605034161917384,0.00866894542268408,0.0111912794419162,0.0137266250125558,0.0162659833094663,0.0186908304639783,0.0211141196589125,0.0237568453900525,0.0265066326027043,0.0291827376839367,0.0318120138065098,0.0344084460213596,0.0368112135990812,0.0391574322801525,0.0416672693553674,0.0441772276029079,0.0466387944112229,0.0491517380319027,0.0517424342545162,0.0543776494014189,0.056998917287348,0.0596128030225232,0.0621840961041621,0.0647653352974709,0.0674676997102332,0.0703000240929836,0.0731682419159347,0.076025195701992,0.0788647172492174,0.0816524398919026,0.0844067678234408,0.0872150766784334,0.0901066295452535,0.0930350472729824,0.0959175040786528,0.0987212276587533,0.101502223507354,0.104295441634486,0.107105205487465,0.109915013459048,0.112690708273313,0.11542008504899,0.118094417095017,0.120763693245746,0.123487986700502,0.126238825759752,0.128967753876964,0.131633269668775,0.13421471679727,0.136743682198385,0.139284269418986,0.141867380432739,0.144467728452077,0.1470666941134,0.14969013229219,0.152374744580545,0.155122730792314,0.157913411816056,0.160738590605635,0.163617388037522,0.166563797563735,0.16956730309992,0.172598966085497,0.175632707452539,0.178658799559299,0.181666360159958,0.184641104880509,0.187567692587117,0.190434937528137,0.193249657980442,0.196026308547339,0.198778357003991,0.201525725784669,0.204282632418569,0.207049910999779,0.209834556591511,0.212655474040602,0.215531497994174,0.21848388396309,0.221535941103253,0.224693904929095,0.227940240195608,0.231250423693223,0.234601021558296,0.23796022454352,0.241282807396791,0.244523428507941,0.247661478520612,0.250706328114948,0.253683672924616,0.256626243983999,0.259565579675758,0.262517482793059,0.265477088628793,0.26843701005821,0.27140355444442,0.274392715728414,0.27741341102574,0.28045929295045,0.283510520917748,0.286548863518274,0.289572473588157,0.292586610445743,0.295587773960007,0.29857089052246,0.301542524190804,0.304516625608183,0.307505987660872,0.310522040227105,0.313574993446754,0.316664146064889,0.319769523533467,0.32286680509688,0.325951142709819,0.329042043003058,0.332167415651308,0.335348412048782,0.338601934966047,0.341951127463851,0.345424314546515,0.349039069756122,0.352783834175605,0.356615299712224,0.36048100607865,0.364345165568616,0.368200147698971,0.372058702543695,0.375936181382192,0.379842281130338,0.383785250559929,0.387767426125729,0.391782256402937,0.395823584210687,0.399902287351522,0.404042720941261,0.408269496028727,0.412597348593834,0.417021546287645,0.421494720408957,0.425927625248244,0.43024507275201,0.434462170275991,0.43868342533041,0.443002473372129,0.447426909032104,0.451880117943296,0.456256756587979,0.460458561923011,0.464422066105615,0.468119411644976,0.47158190515204,0.474901727687845,0.478216698742326,0.481676338528758,0.485413645797763,0.48949733396066,0.493875669156682,0.498408736820227,0.502896776967889,0.50717057307513,0.511098358039098,0.514727552505003,0.518220996457808,0.521807185526289,0.525474234464983,0.529098695260096,0.532480308108184,0.535670585954394,0.538803874202756,0.54220551018911,0.546097269358119,0.55046127747939,0.554643261646884,0.558082796825075,0.560289840453794,0.561817349135045,0.56344193973166,0.565732447072895,0.569244000322714,0.573976119669166,0.576724204773552,0.576711052998797,0.577229147427386,0.580611961637454,0.579776148117319,0.581988405883844,0.590128449386524,0.572696351077765,0.55407286286634,0.535929664732065,0.517429282881763,0.497718970084109,0.478664833490622,0.459031195744311,0.437584555906236,0.4170889666214,0.399268091377035,0.379069202781994,0.358967886874794,0.34268406946284,0.322816723052152,0.300578095926036,0.283330509735306,0.273799063884376,0.257163984934949,0.235084588149222,0.211213680065662,0.187165091367081,0.173718047987074,0.1584621738081,0.147186250943161,0.130070056058045,0.10574287974159,0.0662383661948216,0.0496938715643387,0.0519564820415089,0.0366791992791837,0.0126706465146777,8.9933029215226e-07,3.94369032953416e-12,2.04006649936922e-17,0,0,0,0,0,0,0,0,0,0,0,0,0,0,0,0,0,0,0,0,0,0,0,0,0,0,0,0,0,0,0,0,0,0,0,0,0,0,0,0,0,0,0,0,0,0,0,0,0,0,0,0,0,0,0,0,0,0,0,0,0,0,0,0,0,0,0,0,0,0,0,0,0,0,0,0,0,0,0,0,0,0,0,0,0,0,0,0,0,0,0,0,0,0,0,0,0,0,0,0,0,0,0,0,0,0,0,0,0,0,0,0,0,0,0,0,0,0,0,0,0,0,0,0,0,0,0,0,0,0,0,0,0,0,0,0,0,0,0,0,0,0,0,0,0,0,0,0,0,0,0,0,0,0,0,0,0,0,0,0,0,0,0,0,0,0,0,0,0,0,0,0,0,0,0,0,0,0,0,0,0,0,0,0,0,0,0,0,0,0,0,0,0,0,0,0,0,0,0,0,0,0,0,0,0,0,0,0,0,0,0,0,0,0,0,0,0,0,0,0,0,0,0,0,0,0,0,0,0,0,0,0,0,0,0,0,0,0,0,0,0,0,0,0,0,0,0,0,0,0,0,0,0,0,0,0,0,0,0,0,0,0,0,0,0,0,0,0,0,0,0,0,0,0,0,0,0
0,0.00309285398678558,0.00597720258263619,0.00854431323472884,0.0109907649159945,0.0134251863755525,0.0158516179042038,0.0182173859755519,0.0207077982471793,0.0234632698044747,0.0263007890748101,0.0290625005397457,0.0317606271078904,0.0343854633743494,0.0367844928399004,0.0390848130537074,0.0415525706751184,0.0440789016899552,0.0465449760108841,0.048994581571804,0.0514961153150567,0.0540366670906181,0.0566130479211566,0.0592842395237122,0.0619649900725472,0.0646471508657647,0.0673843239643189,0.070214703960784,0.0731111800046153,0.0760173434743275,0.0789085253317079,0.0817797908497632,0.0846557054323297,0.0875664377872101,0.0905171263525517,0.0934917466732018,0.0964149444890488,0.0992694602873321,0.102136490319119,0.105010174347283,0.107859325851758,0.110692054059123,0.113500108240213,0.116275211843762,0.119005701264073,0.121746654584109,0.124569277231388,0.127446982807584,0.130328601149431,0.133169423941881,0.135946018561942,0.138683846150436,0.141425003880494,0.144181235275812,0.146923454027275,0.149638617451711,0.152354053940881,0.155103634001791,0.157889576251799,0.16069308814795,0.163513316433321,0.166381698044197,0.169322894677862,0.172333054794075,0.175383644343743,0.178443316480083,0.181488445514758,0.184499163391338,0.187469463397025,0.190402830533046,0.19330689378786,0.196196720004361,0.199081475749915,0.201963696822402,0.204848466809871,0.207733657754902,0.210612642699138,0.213493428332292,0.216394928256772,0.219334804352106,0.222331937401183,0.225404169118876,0.228558500239097,0.23179304418897,0.235100926820535,0.238456767265336,0.241806783411483,0.245086442537363,0.248255714747224,0.251322323926037,0.254322710619513,0.257287915370973,0.26023234621122,0.263162987052255,0.266087720879874,0.269016890823864,0.271966985986115,0.2749594324818,0.278009364674666,0.28111160823595,0.284241357470555,0.287365097078878,0.290458597393275,0.2935213906807,0.296563755882419,0.299589245517447,0.302601351681418,0.305616648996323,0.308656979144195,0.311738076759421,0.314868063655482,0.31805048499788,0.321274150513486,0.324502225331387,0.327690994808832,0.330824518826619,0.333927187117875,0.337046996595145,0.340231991498623,0.343518480704627,0.346926828174598,0.350458077309394,0.354096638957537,0.357814842573754,0.361580649534574,0.36537222522493,0.369189038883966,0.373047651896624,0.376967867696732,0.380953435092942,0.38499033656422,0.389055855560144,0.393123090813712,0.397161162232575,0.401153875018318,0.405117792465191,0.409104131947355,0.413172333064236,0.417371931132773,0.4217140482582,0.426140803984652,0.430529136448597,0.434781052054143,0.438927765435769,0.44311115382022,0.447438849665804,0.451877673390139,0.456303053701708,0.46058536481146,0.464673602895504,0.468562406611577,0.472265502808307,0.475772989925449,0.479099600174197,0.482301358448627,0.485518084841108,0.488927443701935,0.492649634754782,0.496666806408748,0.500840772500955,0.505008348675383,0.509034181718677,0.512860461000637,0.516396284776293,0.519707273677339,0.522879022027069,0.526050439773571,0.529140234976167,0.53225885927846,0.535399363536426,0.53860606176046,0.542047824608348,0.546210941334804,0.550750972750433,0.554633736522142,0.557265615460861,0.559318256278248,0.561212809200112,0.563523410346732,0.567094349849092,0.56881535780919,0.569475558254732,0.571404110480875,0.574976737769505,0.576252204737971,0.579662618474182,0.586581606227021,0.569601434952697,0.551351291063113,0.533255995724506,0.514226890146864,0.494814950911132,0.47599566818182,0.456039457818665,0.436629338509835,0.42053473294413,0.403781651830815,0.384441085561299,0.367913779659476,0.34878430177452,0.326919595054417,0.307848955955627,0.293686434825234,0.273210834693525,0.250324317947286,0.232805535114859,0.224616907386111,0.208988740375105,0.190977337672848,0.167145158012549,0.134884450337008,0.119744250982872,0.112770256800406,0.105117799484346,0.086970270742067,0.0621676836337593,0.0268660101775939,0.0146345636255494,0.0110203951367897,3.57828011228523e-08,1.22641997747504e-14,2.07301842910078e-48,0,0,0,0,0,0,0,0,0,0,0,0,0,0,0,0,0,0,0,0,0,0,0,0,0,0,0,0,0,0,0,0,0,0,0,0,0,0,0,0,0,0,0,0,0,0,0,0,0,0,0,0,0,0,0,0,0,0,0,0,0,0,0,0,0,0,0,0,0,0,0,0,0,0,0,0,0,0,0,0,0,0,0,0,0,0,0,0,0,0,0,0,0,0,0,0,0,0,0,0,0,0,0,0,0,0,0,0,0,0,0,0,0,0,0,0,0,0,0,0,0,0,0,0,0,0,0,0,0,0,0,0,0,0,0,0,0,0,0,0,0,0,0,0,0,0,0,0,0,0,0,0,0,0,0,0,0,0,0,0,0,0,0,0,0,0,0,0,0,0,0,0,0,0,0,0,0,0,0,0,0,0,0,0,0,0,0,0,0,0,0,0,0,0,0,0,0,0,0,0,0,0,0,0,0,0,0,0,0,0,0,0,0,0,0,0,0,0,0,0,0,0,0,0,0,0,0,0,0,0,0,0,0,0,0,0,0,0,0,0,0,0,0,0,0,0,0,0,0,0,0,0,0,0,0,0,0,0,0,0,0,0,0,0,0,0,0,0,0,0,0,0,0,0,0,0,0,0
0,0.0031298156292748,0.00602201885058672,0.00858113456430945,0.0109831343324106,0.0133293499735585,0.0156355152518484,0.0179423306809258,0.0204678637650145,0.0232558228243341,0.0261108913480594,0.0289103550313114,0.0316539061111401,0.0343118177752014,0.0367470123910491,0.0390650801593492,0.041524905840642,0.0440836891045383,0.0466018508327646,0.0490524031760331,0.0515143790276944,0.0539908437647956,0.0565254772592391,0.0592323028341776,0.0620046070797227,0.0647725250835735,0.0675385611727958,0.0703680254360068,0.073294582070997,0.0762555378578359,0.0792004647629603,0.0821470570333631,0.085126581423697,0.0881197278881707,0.0911030013872031,0.0940852242907363,0.0970161149809899,0.0998961935108399,0.10282488849069,0.10577095307381,0.108671080096494,0.111536471518402,0.114371851364318,0.117182188569565,0.119967626087119,0.122779909639597,0.125681843510668,0.128649870735596,0.131648137758734,0.134648007875665,0.137621139339322,0.140567490207457,0.143498706258781,0.146414900679359,0.149291977229576,0.152120264592919,0.154923218199168,0.15773343568524,0.160558246377499,0.163381207411285,0.166204058970002,0.169061939533136,0.171984095638163,0.174973677525499,0.178008480802214,0.181059146196591,0.184096527253005,0.187099179041808,0.19006948459725,0.193024537854785,0.19598407236827,0.198964561828791,0.201966879783867,0.2049809495459,0.207995812533715,0.210997290729249,0.213978274154039,0.216950262897477,0.219930876699679,0.222933203618581,0.22596678299555,0.229038149721464,0.232157904666562,0.235344909064314,0.238609309870567,0.241924496494216,0.245226129488599,0.248446545570441,0.251558111848975,0.254587252264264,0.257577860677021,0.260551562091699,0.263503108415018,0.266422484885301,0.269317046307366,0.27221392952644,0.275149885469362,0.278155586775956,0.281242473914088,0.284393559595956,0.287575489402172,0.290755289433169,0.293913424006288,0.297049973215347,0.300171146945369,0.303274248934514,0.3063594700265,0.309445117084607,0.312559993924734,0.315725979791077,0.318952800069522,0.322240561355415,0.325569949588678,0.328889531357698,0.332143379446138,0.335316276761053,0.338447027687941,0.341599764471848,0.344830665883817,0.348174668862104,0.351639645258367,0.355203322227761,0.358826572630146,0.362475845554546,0.366136908655255,0.369822528873284,0.373566184408739,0.377406785626038,0.381366535536609,0.385433667703254,0.389561955691521,0.393694914700042,0.397779818465588,0.401783019761913,0.405696560129945,0.409553388569498,0.413414459351903,0.417354554989454,0.421434321420148,0.425680482461031,0.430032631066142,0.434352068842119,0.438512755832491,0.442533291367704,0.446564706574155,0.45071987731587,0.45496951435026,0.459178163580326,0.463247041604356,0.467157931016583,0.470981247637147,0.474732350266438,0.478374188643369,0.481805675883422,0.485018617998675,0.488113524127869,0.491320134645606,0.494787361979375,0.498537177422536,0.502455593816182,0.506388956881043,0.510203767275574,0.513809979681122,0.517203294999278,0.520400906984781,0.523596985554495,0.526690140882886,0.529668139811845,0.532394222568413,0.535034076871682,0.537483091137187,0.540398608846,0.54419019968247,0.548699557454355,0.552630034580375,0.555686152438264,0.55818643125492,0.560542006730279,0.562713970112652,0.563646102304764,0.565762085163855,0.567545387571369,0.568782208295992,0.574060940866739,0.582863115543681,0.566976841925866,0.548930370874756,0.530860799993132,0.513188887166991,0.496705132232962,0.479943833887505,0.461096424295011,0.442702663951089,0.423518375971369,0.402878400537446,0.384038332128374,0.368500030136776,0.350241321187473,0.332112977669559,0.317444939536381,0.297499321624425,0.275323770172422,0.257962926680111,0.246911186528186,0.226363438695752,0.202095918934044,0.18125978883409,0.172382924594557,0.160236543583905,0.149093657239165,0.126401444844052,0.0860838542952358,0.0709045170112862,0.0724119648257779,0.0607367418787093,0.0384492376488025,0.0129891738276089,1.86184989570302e-05,8.39875298985112e-11,4.45414519029227e-16,-4.93629753277633e-153,0,0,0,0,0,0,0,0,0,0,0,0,0,0,0,0,0,0,0,0,0,0,0,0,0,0,0,0,0,0,0,0,0,0,0,0,0,0,0,0,0,0,0,0,0,0,0,0,0,0,0,0,0,0,0,0,0,0,0,0,0,0,0,0,0,0,0,0,0,0,0,0,0,0,0,0,0,0,0,0,0,0,0,0,0,0,0,0,0,0,0,0,0,0,0,0,0,0,0,0,0,0,0,0,0,0,0,0,0,0,0,0,0,0,0,0,0,0,0,0,0,0,0,0,0,0,0,0,0,0,0,0,0,0,0,0,0,0,0,0,0,0,0,0,0,0,0,0,0,0,0,0,0,0,0,0,0,0,0,0,0,0,0,0,0,0,0,0,0,0,0,0,0,0,0,0,0,0,0,0,0,0,0,0,0,0,0,0,0,0,0,0,0,0,0,0,0,0,0,0,0,0,0,0,0,0,0,0,0,0,0,0,0,0,0,0,0,0,0,0,0,0,0,0,0,0,0,0,0,0,0,0,0,0,0,0,0,0,0,0,0,0,0,0,0,0,0,0,0,0,0,0,0,0,0,0,0,0,0,0,0,0,0,0,0,0,0,0,0,0,0,0,0,0,0,0,0,0,0
0,0.00321362125459443,0.00615651867077446,0.00874681479883125,0.0111464229573661,0.0134451668126085,0.0156660367613449,0.0179281694791781,0.0204328115122189,0.0231703172195969,0.0259967316210551,0.0288065380176497,0.0315731940109383,0.034248525967176,0.0367296361039457,0.0391085770307794,0.0415921113782757,0.0441821490869989,0.046769320657082,0.0492756722523595,0.051757213854686,0.0542186338821515,0.0567317548954486,0.059459174670359,0.0623005495316104,0.0651330107967636,0.0679236416731075,0.0707498259938882,0.0736955530430356,0.0767095592443498,0.0797138598307187,0.0827308306358732,0.0857927608569783,0.0888487876481935,0.091843275588478,0.0947993300286279,0.0977106826561864,0.100592411059436,0.103547301679826,0.106542099208997,0.109494987314028,0.112405717725102,0.115281126888003,0.118139212270378,0.120992378474567,0.123880449325691,0.126849937494209,0.129883422859746,0.132964267656187,0.136088288539577,0.13922677424902,0.142348360033705,0.145434370361959,0.148483015993915,0.151483494045251,0.15442321221209,0.157311675354415,0.16017900158634,0.163041651931063,0.165886991106313,0.168716539688588,0.17156322226851,0.174455366454556,0.177401942798005,0.180392054345154,0.183404521873671,0.186411881947062,0.18939732154969,0.192371369502847,0.19535912062958,0.19838405074555,0.20145734170296,0.204571662983279,0.207706932748254,0.210838688867122,0.213946074816085,0.217024188682937,0.220085682154851,0.223144577566463,0.2262067217802,0.229268234679884,0.232324234248437,0.23539338043211,0.238514878247252,0.241709619964048,0.244952195158844,0.248183949076915,0.251349563334304,0.254432078284332,0.257459302546592,0.260464951315013,0.263456944489766,0.266418912132769,0.269333780827558,0.272208277076521,0.275076521668698,0.277983831133854,0.280965737259384,0.284034285080927,0.287171319985788,0.290347312230003,0.293542548403058,0.296747743223771,0.299961637644549,0.303178217658011,0.306380377753244,0.309555848728184,0.312719207364579,0.315904423762656,0.319143530697855,0.322449873746396,0.325820840742739,0.329228686019848,0.332612368036749,0.335912524787003,0.339126730667049,0.342315235772194,0.345553543895161,0.348886661069212,0.352326147990733,0.355858676232029,0.359448807752365,0.363054667206988,0.366648013916299,0.370226966781764,0.373819796383729,0.37748005090628,0.381262301405431,0.385197471736941,0.389264893094136,0.39339760776826,0.397510392616372,0.401542385833112,0.405470925476762,0.4093179237503,0.413120190416634,0.416929748325126,0.420790584212318,0.424761323053756,0.428877855914825,0.433115541249295,0.437340163463284,0.441403534023921,0.44526878122134,0.449046701457785,0.452851414086132,0.456682626464188,0.46048542831389,0.464212991892124,0.467940797576599,0.471726437049444,0.475578668922525,0.479329560128105,0.482838887268786,0.486018199531227,0.489030102589924,0.492088066605674,0.495390367578778,0.498926390247014,0.502683261387258,0.506527614304135,0.510276094076886,0.513663476925509,0.516609938318788,0.519460723774663,0.522430875918475,0.525567832623473,0.528530636445173,0.531436071599955,0.534093409678757,0.536818949817235,0.539749923044184,0.54330290649059,0.546621412081029,0.549886567122738,0.553409727958036,0.555762396786214,0.555869109259842,0.555403318646025,0.558759525946152,0.558136619053263,0.563988217630829,0.574374703386466,0.559894142867609,0.543232213869329,0.526154505986849,0.508489344827172,0.491354901783335,0.474359213515467,0.457170005269025,0.441428497182256,0.424046124277402,0.405088868535691,0.389244954839177,0.373005159489479,0.354781696918448,0.340293523269969,0.32230773941712,0.301317827884856,0.283566363765014,0.271200170465029,0.251542744422336,0.228953566689818,0.2098956378106,0.199393065274273,0.180217742292058,0.157992470780853,0.131436291411974,0.120412773883723,0.114861042658806,0.107035266370466,0.0851404103060754,0.0444551387980313,0.0309022803116233,0.033436529671619,0.0128277892276445,4.48589331438062e-08,2.56708369045015e-13,3.52690138322628e-32,0,0,0,0,0,0,0,0,0,0,0,0,0,0,0,0,0,0,0,0,0,0,0,0,0,0,0,0,0,0,0,0,0,0,0,0,0,0,0,0,0,0,0,0,0,0,0,0,0,0,0,0,0,0,0,0,0,0,0,0,0,0,0,0,0,0,0,0,0,0,0,0,0,0,0,0,0,0,0,0,0,0,0,0,0,0,0,0,0,0,0,0,0,0,0,0,0,0,0,0,0,0,0,0,0,0,0,0,0,0,0,0,0,0,0,0,0,0,0,0,0,0,0,0,0,0,0,0,0,0,0,0,0,0,0,0,0,0,0,0,0,0,0,0,0,0,0,0,0,0,0,0,0,0,0,0,0,0,0,0,0,0,0,0,0,0,0,0,0,0,0,0,0,0,0,0,0,0,0,0,0,0,0,0,0,0,0,0,0,0,0,0,0,0,0,0,0,0,0,0,0,0,0,0,0,0,0,0,0,0,0,0,0,0,0,0,0,0,0,0,0,0,0,0,0,0,0,0,0,0,0,0,0,0,0,0,0,0,0,0,0,0,0,0,0,0,0,0,0,0,0,0,0,0,0,0,0,0,0,0,0,0,0,0,0,0,0,0,0,0,0,0,0,0,0,0,0,0,0,0,0
0,0.00331909767871861,0.00633690663763539,0.00898714503081961,0.0114267708294205,0.0137322899358237,0.0159314458521917,0.0181790505470406,0.0206129249792244,0.0232409385709116,0.0260184174644923,0.0288245865716523,0.0315937643337574,0.0342646325469764,0.0367866004316164,0.0392522025183408,0.0417864576071174,0.0443935523802026,0.0470368093925543,0.0496361257502339,0.0521924684228246,0.0546892453568258,0.0572088191756702,0.0599433556618373,0.0628200233055441,0.0656936870213959,0.0685147491671869,0.071341407481021,0.0742868146139089,0.0773345183559641,0.0803924639280996,0.0834699929908312,0.086589746137096,0.089691553474961,0.0926879328974739,0.0956005006130634,0.098478001375743,0.101349432420938,0.104303742866493,0.107321787901356,0.110317732606331,0.113278200021996,0.11621200706558,0.119141961251919,0.122079245362569,0.125047975887926,0.12808070723901,0.131167073195654,0.134302961581215,0.137507497283778,0.140760831582905,0.144008408462212,0.147208294162607,0.150360589270852,0.153468061159195,0.156509658103754,0.159475604651431,0.162390712997472,0.165280800366558,0.168139619587247,0.170968131122585,0.173795073365301,0.176646204564796,0.17953542417587,0.182465328410229,0.185425900614425,0.188395153330959,0.191362277545041,0.194343815851416,0.197368620996305,0.20045749934499,0.203612871674237,0.206822405948287,0.210061113947769,0.213295739618352,0.216501565578673,0.219673568701289,0.22282093120297,0.22595237975935,0.229065086391719,0.232142500094722,0.235174427296963,0.238191580607172,0.241247606230199,0.244367075988792,0.24753108026867,0.250700153828852,0.253836531105883,0.25692298315606,0.259972659908246,0.263003013448686,0.266015481090863,0.268993894732969,0.271918305718095,0.274788337602723,0.277633624336783,0.280499949923153,0.283426959246523,0.286434482245402,0.289512295984317,0.292643263189643,0.295823873041369,0.299053870738513,0.302325784300945,0.30562027307952,0.308904130261406,0.312153339637258,0.315376374055929,0.318613721105065,0.321907528067135,0.325276557940326,0.328711809984543,0.332177685908549,0.3356058314064,0.338940561439939,0.342194022131328,0.345448656408616,0.34878809838718,0.352242061966444,0.355790762585055,0.359395448155246,0.363015431015547,0.366622400292209,0.370203097183554,0.373753146395663,0.377291045908768,0.380865417533168,0.384543617878343,0.388370911932878,0.39234127399388,0.396381800912308,0.400401203381187,0.404334025634912,0.408187754049627,0.412002271022156,0.415824476926939,0.419655350750817,0.423499911439688,0.427367406585175,0.431324556589375,0.435381856604679,0.439470583392007,0.443429496845738,0.447182079663412,0.450772100719445,0.454288587902628,0.457769690187239,0.461207873490956,0.464689672534667,0.46833178607244,0.472252822566644,0.476268998069334,0.480136296485058,0.483564087642902,0.486566592452798,0.489277442562045,0.492036462853172,0.494971303314915,0.498138911573581,0.501435525979517,0.505007504350596,0.508773254833412,0.512470980579113,0.515692548838759,0.518609125198904,0.521656398792088,0.524885264834388,0.528204695362467,0.531163188388381,0.53409988001559,0.537532045452996,0.540746184909029,0.542100417480985,0.542951546992144,0.545745613411473,0.547679488275247,0.548082095869346,0.552157130254853,0.555713834914003,0.552946192229254,0.564200221530082,0.550949380187888,0.535588573352733,0.519858794236447,0.503437555544645,0.487455075864137,0.470912373046739,0.45351728183847,0.436800166083151,0.418731341002665,0.400875208555272,0.384460124321959,0.365718086789547,0.348534403650322,0.335117406438724,0.318484901063225,0.302653250555381,0.290774728708858,0.27174446633792,0.249907191556727,0.233500237775723,0.223720570342147,0.205060716724567,0.183461464160917,0.159777664405373,0.148275309714123,0.135978241767312,0.119868875332178,0.0852572420689713,0.0721454127875987,0.0739590034179918,0.0620182283442207,0.0388138014775036,0.0131948867398063,0.000442716684904579,1.78236549892856e-09,9.49310944386157e-15,6.37980558640754e-51,0,0,0,0,0,0,0,0,0,0,0,0,0,0,0,0,0,0,0,0,0,0,0,0,0,0,0,0,0,0,0,0,0,0,0,0,0,0,0,0,0,0,0,0,0,0,0,0,0,0,0,0,0,0,0,0,0,0,0,0,0,0,0,0,0,0,0,0,0,0,0,0,0,0,0,0,0,0,0,0,0,0,0,0,0,0,0,0,0,0,0,0,0,0,0,0,0,0,0,0,0,0,0,0,0,0,0,0,0,0,0,0,0,0,0,0,0,0,0,0,0,0,0,0,0,0,0,0,0,0,0,0,0,0,0,0,0,0,0,0,0,0,0,0,0,0,0,0,0,0,0,0,0,0,0,0,0,0,0,0,0,0,0,0,0,0,0,0,0,0,0,0,0,0,0,0,0,0,0,0,0,0,0,0,0,0,0,0,0,0,0,0,0,0,0,0,0,0,0,0,0,0,0,0,0,0,0,0,0,0,0,0,0,0,0,0,0,0,0,0,0,0,0,0,0,0,0,0,0,0,0,0,0,0,0,0,0,0,0,0,0,0,0,0,0,0,0,0,0,0,0,0,0,0,0,0,0,0,0,0,0,0,0,0,0,0,0,0,0,0,0,0,0,0,0,0,0,0,0,0,0,0
0,0.00341621025377156,0.00651148499398707,0.0092354079952209,0.0117472076182941,0.0141099338961927,0.0163580745643481,0.0186349535330825,0.0209834653813388,0.0234822880230473,0.0262000961833548,0.0289779903121375,0.0317225567451687,0.0343763867255151,0.0369423716082636,0.039516678665187,0.0421283370057774,0.0447451553542643,0.0474234791809757,0.0501301779098886,0.0527916539624026,0.0553546881476774,0.0579039029598109,0.0606304461742849,0.0635004285541477,0.0663963706408464,0.0692675474887067,0.0721132102068451,0.0750418355790543,0.0780887214443926,0.0811776383434071,0.0842947794433141,0.0874400664850808,0.0905658781223119,0.093564612542957,0.0964396760757129,0.0992880088624317,0.102155199281334,0.1051013460266,0.10812430172261,0.111147992913335,0.114154074846351,0.11715826380985,0.120178459649207,0.123209745842087,0.126262396337559,0.129357076919224,0.132486502876243,0.135654527012949,0.138900229254799,0.142218832357212,0.145545062335004,0.14882369578452,0.15205353493816,0.15524279830472,0.158361295009337,0.161383750221958,0.164328751986091,0.16722969366331,0.170089210286254,0.172907102612118,0.175706315570497,0.178509355608733,0.181335169152623,0.184200776155857,0.187109106654085,0.190046305923506,0.19300539586801,0.196003004292453,0.199066869026184,0.202210852388696,0.205429702479648,0.208710149724509,0.212026864374799,0.215342719190301,0.218631283623689,0.221884800926464,0.225105763425271,0.228294929384188,0.231439662030573,0.23451525084207,0.237514927775345,0.240482421637695,0.243477878086385,0.246526689724214,0.249623314195665,0.252753421728059,0.255890564168444,0.259004239832971,0.262085817851808,0.265143186728187,0.268181456319163,0.271189164409574,0.274138894502481,0.277016990231357,0.27984541719397,0.282672005782542,0.285543853373688,0.288492566522171,0.2915184575104,0.294615092991299,0.297791048426751,0.301046754651398,0.304365496692169,0.307714149798886,0.311050950531914,0.314344623354197,0.317604408832441,0.320874578495473,0.324207720632322,0.327622169096125,0.331103829560816,0.334605413176504,0.338055630676205,0.341399902187776,0.344663589293047,0.347942453114035,0.351332752992761,0.354857844182148,0.358479750318605,0.362139754808121,0.36579730676675,0.369443246577863,0.373072952619337,0.376662213860536,0.380187715683809,0.383678433466689,0.387207823581935,0.390860876532431,0.394662123658987,0.398563580890698,0.402461470737759,0.406297287207965,0.410081163822637,0.413894769104084,0.417764367075288,0.421681480801186,0.425556298721318,0.429377978848783,0.433161755813212,0.436994654021599,0.440838277708553,0.444617071860718,0.448216524588544,0.451652669478461,0.454969402691243,0.458201182510475,0.461427068644282,0.464769894704128,0.468491803698758,0.472619723019649,0.476978585926574,0.481065944319176,0.484640053708677,0.487597532013691,0.490234716214894,0.492780374296185,0.495579622771713,0.498514063007514,0.501517873907278,0.504485364561097,0.507805674591753,0.511257077282749,0.514705010872224,0.517733172340175,0.520710196901852,0.523894143422838,0.526476797192322,0.5283781537078,0.530558895085908,0.534151263140237,0.537168928054229,0.539657016888729,0.541737779237229,0.544035910752511,0.55016411052764,0.548576358714075,0.549338908717707,0.55623559774115,0.543334731678182,0.528452576672026,0.513186744010166,0.49736050957376,0.48176372779911,0.465252599758016,0.448756298353649,0.433553966743826,0.417169557260726,0.402366171795332,0.386646784758692,0.368963390090448,0.354569677837523,0.33918825086867,0.322603482400142,0.310578414641601,0.293787001651186,0.273543973690937,0.256181524268386,0.242802410380876,0.221058917196839,0.200077966829594,0.19342992823297,0.182627293384684,0.171320633219925,0.149821521841956,0.112625101448788,0.0967227861607689,0.095846540347837,0.0827570028377402,0.0448646205799889,0.0316130389851524,0.0341751704149744,0.0131168916545347,7.97245222324286e-07,4.16636023367537e-12,2.04006649937037e-17,-2.89990718778442e-198,0,0,0,0,0,0,0,0,0,0,0,0,0,0,0,0,0,0,0,0,0,0,0,0,0,0,0,0,0,0,0,0,0,0,0,0,0,0,0,0,0,0,0,0,0,0,0,0,0,0,0,0,0,0,0,0,0,0,0,0,0,0,0,0,0,0,0,0,0,0,0,0,0,0,0,0,0,0,0,0,0,0,0,0,0,0,0,0,0,0,0,0,0,0,0,0,0,0,0,0,0,0,0,0,0,0,0,0,0,0,0,0,0,0,0,0,0,0,0,0,0,0,0,0,0,0,0,0,0,0,0,0,0,0,0,0,0,0,0,0,0,0,0,0,0,0,0,0,0,0,0,0,0,0,0,0,0,0,0,0,0,0,0,0,0,0,0,0,0,0,0,0,0,0,0,0,0,0,0,0,0,0,0,0,0,0,0,0,0,0,0,0,0,0,0,0,0,0,0,0,0,0,0,0,0,0,0,0,0,0,0,0,0,0,0,0,0,0,0,0,0,0,0,0,0,0,0,0,0,0,0,0,0,0,0,0,0,0,0,0,0,0,0,0,0,0,0,0,0,0,0,0,0,0,0,0,0,0,0,0,0,0,0,0,0,0,0,0,0,0,0,0,0,0,0,0,0,0,0,0,0,0,0
0,0.00348059033691689,0.00663833376222314,0.0094357973135342,0.012038014477615,0.0144950603896098,0.0168541827520299,0.0192140024379801,0.0215118538643825,0.023906746901136,0.0265558394797109,0.0292626732392236,0.0319470815838802,0.0345814641011251,0.0372055034730975,0.0399075255593522,0.0426181206451932,0.0452537648059475,0.0479538737134098,0.0507517771128496,0.0535060913046983,0.0561385693949721,0.058733910189678,0.0614431641231355,0.0642690133504789,0.0671686962400691,0.0701050134621133,0.0729959662711806,0.0759101208145679,0.0789316189796148,0.082028589784922,0.085159630638459,0.0882903647404573,0.0914045326066629,0.0944029744641441,0.0972612433791156,0.100097402928451,0.102974908649973,0.105919671208208,0.108942110203245,0.111987980849605,0.115040009298809,0.118117458817099,0.121228075670912,0.124346873908484,0.127475968971886,0.130625127517066,0.133785742620056,0.136970309271758,0.140231884631145,0.143578445519553,0.146942817766074,0.150265985901559,0.153543254000224,0.156781824311934,0.159945317858102,0.162997821937684,0.165953333810955,0.168852776227464,0.171708184092825,0.174516725137686,0.177293030868805,0.180052985909297,0.182819631885943,0.185625221304829,0.1884876927443,0.191404914177982,0.194371295666558,0.19739683850325,0.200501527362325,0.203690252160727,0.206953004919894,0.210277251107087,0.213637975009484,0.216999090649633,0.220337221982138,0.223645119150747,0.226917386872269,0.230143352982768,0.23330042629595,0.236361435532688,0.239325854601465,0.242244255837936,0.245178187915857,0.248158178418814,0.25119950367124,0.254309449576173,0.257463298282665,0.260609535435635,0.263723460471305,0.266811903188948,0.269888662574433,0.272940172976486,0.275926817320729,0.278819389602217,0.281639204214138,0.284441931727842,0.287286129753263,0.290212833842351,0.293227809688948,0.296328648127851,0.299529453357739,0.302828457743372,0.306196228524227,0.309591155732501,0.312966934701422,0.316297467928045,0.319592412736235,0.322901742887075,0.326274034114848,0.329726219204893,0.333231123807956,0.33673677829496,0.340163802883611,0.343467961927276,0.34667792356224,0.349903684393086,0.353251548292573,0.356759763224637,0.36038640880749,0.364069974886026,0.367772819966751,0.371497185618294,0.375233929889953,0.37891400375905,0.382461163503852,0.385866029534847,0.389225251657138,0.392662466760995,0.396270329023242,0.400017940685614,0.403814341735836,0.40755943297084,0.411285564620764,0.415059564426631,0.418962480874623,0.422917902798378,0.42685503557776,0.430637178907122,0.434323630190907,0.437920034813114,0.441525568901699,0.445065117918532,0.448510970483261,0.451784937898104,0.454932903679533,0.457996994450728,0.461049779417407,0.464270179248409,0.467799566958375,0.471837984189876,0.47609100252057,0.480221575530441,0.483737435494176,0.486707904548358,0.489281618671447,0.491858752567777,0.494559330381998,0.497579605902897,0.500682604558513,0.503674539462457,0.506339730460367,0.509273864661239,0.512314847312086,0.515251230417255,0.517435782274453,0.520376302776153,0.524285743885272,0.527601227797751,0.530489415109618,0.534363548383141,0.538161658175621,0.539973760057287,0.545094401128459,0.545161555173815,0.541927017854513,0.550992244002155,0.536929517987933,0.522857413865907,0.50847389809114,0.493509911178034,0.478799023645215,0.463331590732106,0.448830170414074,0.433964307028429,0.417474864873917,0.402584667065791,0.38631028689893,0.36919789779119,0.35538293219395,0.339125324623307,0.321427133526541,0.308362291271747,0.292674268126536,0.2772168641682,0.266821548942315,0.248220626584453,0.226260275039368,0.20769976300188,0.193861098888562,0.170172866485845,0.149131637098881,0.144548847521085,0.138596308591463,0.125679859497056,0.0872392809521092,0.0701784557578151,0.0740458207289638,0.0631026134552165,0.0396718404718574,0.0134908891334003,0.000455570323701355,1.82728469784496e-09,9.73451731513935e-15,1.73777889946041e-48,0,0,0,0,0,0,0,0,0,0,0,0,0,0,0,0,0,0,0,0,0,0,0,0,0,0,0,0,0,0,0,0,0,0,0,0,0,0,0,0,0,0,0,0,0,0,0,0,0,0,0,0,0,0,0,0,0,0,0,0,0,0,0,0,0,0,0,0,0,0,0,0,0,0,0,0,0,0,0,0,0,0,0,0,0,0,0,0,0,0,0,0,0,0,0,0,0,0,0,0,0,0,0,0,0,0,0,0,0,0,0,0,0,0,0,0,0,0,0,0,0,0,0,0,0,0,0,0,0,0,0,0,0,0,0,0,0,0,0,0,0,0,0,0,0,0,0,0,0,0,0,0,0,0,0,0,0,0,0,0,0,0,0,0,0,0,0,0,0,0,0,0,0,0,0,0,0,0,0,0,0,0,0,0,0,0,0,0,0,0,0,0,0,0,0,0,0,0,0,0,0,0,0,0,0,0,0,0,0,0,0,0,0,0,0,0,0,0,0,0,0,0,0,0,0,0,0,0,0,0,0,0,0,0,0,0,0,0,0,0,0,0,0,0,0,0,0,0,0,0,0,0,0,0,0,0,0,0,0,0,0,0,0,0,0,0,0,0,0,0,0,0,0,0,0,0,0,0,0,0,0,0,0,0,0
0,0.00349915789575866,0.00669275241107845,0.00955174467379883,0.0122475240454508,0.0148174067481739,0.0173295228422754,0.0198256629762875,0.0221454524660489,0.0244956467018202,0.0270717932966321,0.0296655264594198,0.0322576540360223,0.0348686245056933,0.0375557141109181,0.0403899019271716,0.0432133995505886,0.0458962199400841,0.0486229222954401,0.0514747220514538,0.0542752126257592,0.0569602520048176,0.0596131594310976,0.0623069259602053,0.0650646340413393,0.0679382884639601,0.070922968562658,0.0738747517188624,0.0768017086424126,0.079805851978104,0.0829076946580151,0.0860409874366337,0.0891302836110629,0.0921963750591819,0.0951812595169338,0.0980373944327913,0.100871336162183,0.103764873283716,0.106718570685722,0.10974688031072,0.112821540834633,0.115926793958615,0.119072579382911,0.1222563959455,0.125439273732301,0.128620617460543,0.131806542310609,0.134986573409999,0.138177971799704,0.141438499212375,0.144784998600533,0.148153954718977,0.151486919441911,0.154778356961714,0.158035937735493,0.161219347987984,0.164280466797937,0.167232412367099,0.170126645403249,0.172982918217808,0.175794423647839,0.178565911154456,0.181301553131553,0.184025623120066,0.186783958651611,0.189610838582274,0.192517587829212,0.195500699199297,0.198561288591968,0.201706538143177,0.204930058007662,0.208218783391958,0.211557772169775,0.214921798910973,0.218279636979449,0.221618475343617,0.224938080418147,0.228227835830476,0.231466458788764,0.23462509675422,0.237674627401413,0.240611052665696,0.243481185027261,0.246347180417119,0.24925509053158,0.25224295116796,0.255335703265355,0.25850247748246,0.261675920171309,0.264820183648251,0.267948795429468,0.271076354924924,0.274184737401895,0.277216927573939,0.280136779816901,0.282966640448609,0.285777276400114,0.288632232346659,0.29157734439273,0.294613004518628,0.297736512498791,0.300967306174666,0.304306024260836,0.307719802088423,0.311161636831913,0.314592705444965,0.317988013627926,0.321359703156719,0.324742363259773,0.328178694791039,0.331665152308364,0.335173783503797,0.338637719324941,0.341990781467029,0.345194912549355,0.348302883200183,0.35142377090057,0.35468396601956,0.3581235782928,0.361712967354209,0.365388769559552,0.369126674362986,0.372932017350532,0.376776038495276,0.380553034635101,0.384125189330552,0.387464774787811,0.390664322004547,0.393908825120951,0.397320229063787,0.400939715752399,0.404642875922356,0.408335244896921,0.411970073711335,0.415673300368423,0.41946710802569,0.423395180651983,0.427264809287938,0.431051248680092,0.434614906088521,0.438097404211892,0.441469508467973,0.444883630070063,0.448174197704149,0.451307071230954,0.454202227225492,0.45701318387008,0.459920055162958,0.462994879004683,0.46640837340299,0.470126637520287,0.474198518168242,0.478083823990125,0.481455982188832,0.48424682053555,0.487018036861322,0.489777319097881,0.492464750740345,0.495291474434838,0.49854770635855,0.50187190665913,0.505025669740168,0.507978794183324,0.511496297488076,0.513342331366386,0.514655366706625,0.516898018072346,0.521080271070854,0.527435007847212,0.531646483627436,0.531179963642532,0.527335761533039,0.529065561315534,0.551379520385556,0.544137052537883,0.53043632720085,0.516355135462494,0.502594533061298,0.488814463222595,0.474912628553417,0.459718028177157,0.445134373214183,0.430008596756994,0.4146489014094,0.401194894387931,0.386153075219289,0.369549666239814,0.354318569753489,0.336517183562413,0.320039689224553,0.305871594765768,0.28772201295939,0.272105409977479,0.259583869417216,0.240980984974046,0.225293241907255,0.214809006326591,0.194619004788035,0.174288608431725,0.167745351815,0.155871833576758,0.13926386227401,0.110751721624852,0.0993682602941521,0.0972781849452797,0.0844070618071966,0.0454193338219333,0.0322656411260391,0.0349124122039602,0.013408496856325,8.17616710767647e-07,4.27075725824096e-12,2.38007758259861e-17,-3.2864294764527e-198,0,0,0,0,0,0,0,0,0,0,0,0,0,0,0,0,0,0,0,0,0,0,0,0,0,0,0,0,0,0,0,0,0,0,0,0,0,0,0,0,0,0,0,0,0,0,0,0,0,0,0,0,0,0,0,0,0,0,0,0,0,0,0,0,0,0,0,0,0,0,0,0,0,0,0,0,0,0,0,0,0,0,0,0,0,0,0,0,0,0,0,0,0,0,0,0,0,0,0,0,0,0,0,0,0,0,0,0,0,0,0,0,0,0,0,0,0,0,0,0,0,0,0,0,0,0,0,0,0,0,0,0,0,0,0,0,0,0,0,0,0,0,0,0,0,0,0,0,0,0,0,0,0,0,0,0,0,0,0,0,0,0,0,0,0,0,0,0,0,0,0,0,0,0,0,0,0,0,0,0,0,0,0,0,0,0,0,0,0,0,0,0,0,0,0,0,0,0,0,0,0,0,0,0,0,0,0,0,0,0,0,0,0,0,0,0,0,0,0,0,0,0,0,0,0,0,0,0,0,0,0,0,0,0,0,0,0,0,0,0,0,0,0,0,0,0,0,0,0,0,0,0,0,0,0,0,0,0,0,0,0,0,0,0,0,0,0,0,0,0,0,0,0,0,0,0,0,0,0,0,0,0,0,0,0,0
0,0.00347593635884866,0.00667710285657139,0.0095783109964169,0.0123569047186443,0.0150373367350502,0.0177171205499662,0.0203879433616988,0.022810334234366,0.0251867643871925,0.0277003714621167,0.0301719516810327,0.0326660198344796,0.0352472017532734,0.0379824751448759,0.0409355788449635,0.0438846433807831,0.0466601524897709,0.0494372091734463,0.0523036001011629,0.0550890509744514,0.057788972711269,0.0604909396795442,0.0631718744326326,0.0658509530031937,0.0686599982690587,0.0716433734636452,0.0746497250058625,0.0776281120038746,0.0806474778938492,0.0837678289519839,0.0869142934939694,0.0899707741892212,0.0929760266659903,0.0959260529246335,0.0987714903688038,0.101594491732407,0.104496084785345,0.107465913069294,0.110508843192475,0.113616947766688,0.116779221105737,0.119985720128809,0.123222089347653,0.126441669253968,0.12964222813904,0.13283988199888,0.13602436698358,0.139207281831495,0.142446300011013,0.145770099399931,0.149121056623396,0.152437002228558,0.155713680486705,0.158965808395361,0.162151382774284,0.165206967880023,0.168147962442186,0.171039089916208,0.173905491313876,0.176736722927655,0.179527236393063,0.182267287675774,0.184977378451512,0.187711519011477,0.190517437005918,0.193418808672519,0.196416055166165,0.199507287814918,0.202684818139706,0.205930024283039,0.209224468485938,0.212547769154259,0.215872961010802,0.219178441871774,0.222467211264548,0.225752086338121,0.229021024434193,0.232250391855828,0.235411358722198,0.23846500248107,0.241388874345972,0.244215161889874,0.247012493259997,0.249844693277305,0.252774263391183,0.255836005193268,0.259001472844124,0.26218729763278,0.265357283813706,0.268523336839056,0.271707396325788,0.274877375683746,0.277971906411569,0.280940304332122,0.283815523694971,0.286668347963398,0.289567921810716,0.292545262385214,0.295594272186049,0.29870468699913,0.301914148152593,0.305243396301783,0.30867400302205,0.312169387576486,0.315693041906562,0.319219557809052,0.322726159186662,0.326227150232477,0.329730698549183,0.333238354974006,0.336707517599057,0.340092500966962,0.343326189744196,0.346418321311071,0.349426416450543,0.352485708639378,0.355695105476904,0.359096342668202,0.362635708278977,0.366271351492753,0.369987802908248,0.373807364383108,0.377697287536001,0.381527315498421,0.385150282206258,0.3884830840347,0.391624478199572,0.394728158723626,0.397994692286752,0.401465673103981,0.405106610550839,0.408723780759952,0.412315583709112,0.415855811687321,0.419505088219265,0.423177743690963,0.426949023556906,0.430556744668506,0.434116666799688,0.437424946404631,0.440801214141326,0.444192286493404,0.447696425496679,0.450866153775506,0.453632701438317,0.456093379501416,0.458742993960302,0.461914011004734,0.465412737911288,0.469185853416991,0.472908718154222,0.476473078382247,0.479442449932538,0.482106155132943,0.484878094838436,0.487975721980421,0.490905322853063,0.493987894701667,0.497119436365235,0.499957692935278,0.50384798364218,0.507847724777228,0.509884362849786,0.511066382258943,0.511979134367571,0.513125815604515,0.513785411146137,0.521428287149891,0.529257559082239,0.529534884622398,0.538931698659213,0.532839873179753,0.520595109551499,0.508162026855698,0.495252311486908,0.482107726303122,0.469590712492706,0.456547571680806,0.443033037173182,0.427681452182072,0.411340117951305,0.396501029898512,0.381087102019466,0.365848786148637,0.352664921273279,0.336717372315374,0.323887049945814,0.308400726561704,0.290721929772204,0.278304817003205,0.262967525085574,0.248157624695968,0.240862537348523,0.224028524967283,0.202976904049899,0.183907887980113,0.171507459906506,0.149888754182448,0.127062948493677,0.121498129608682,0.117842369009948,0.105033593436824,0.0667978374986128,0.0529357540223492,0.0562921495847376,0.0395276714351,0.0137510767335305,0.000468576013447546,1.87270582204046e-09,9.97252507351641e-15,2.15075481137805e-48,0,0,0,0,0,0,0,0,0,0,0,0,0,0,0,0,0,0,0,0,0,0,0,0,0,0,0,0,0,0,0,0,0,0,0,0,0,0,0,0,0,0,0,0,0,0,0,0,0,0,0,0,0,0,0,0,0,0,0,0,0,0,0,0,0,0,0,0,0,0,0,0,0,0,0,0,0,0,0,0,0,0,0,0,0,0,0,0,0,0,0,0,0,0,0,0,0,0,0,0,0,0,0,0,0,0,0,0,0,0,0,0,0,0,0,0,0,0,0,0,0,0,0,0,0,0,0,0,0,0,0,0,0,0,0,0,0,0,0,0,0,0,0,0,0,0,0,0,0,0,0,0,0,0,0,0,0,0,0,0,0,0,0,0,0,0,0,0,0,0,0,0,0,0,0,0,0,0,0,0,0,0,0,0,0,0,0,0,0,0,0,0,0,0,0,0,0,0,0,0,0,0,0,0,0,0,0,0,0,0,0,0,0,0,0,0,0,0,0,0,0,0,0,0,0,0,0,0,0,0,0,0,0,0,0,0,0,0,0,0,0,0,0,0,0,0,0,0,0,0,0,0,0,0,0,0,0,0,0,0,0,0,0,0,0,0,0,0,0,0,0,0,0,0,0,0,0,0,0,0,0,0,0,0,0,0,0,0
0,0.0034310030661174,0.00662039813195238,0.0095410330082395,0.0123769617365935,0.0151407516034116,0.0179674005585825,0.0208177785029982,0.023393920612024,0.0258558764913477,0.028344493865676,0.0307411785819652,0.0331777852861721,0.0357391827353879,0.0385050303229875,0.0415550394955228,0.044634497000218,0.0475410309147834,0.0503933619468166,0.0532449197524192,0.0559604129432051,0.0586216133911272,0.0613395051772435,0.0640064084035409,0.0666141519009267,0.0693356726854177,0.0722625572698949,0.0752910598398182,0.0783351667508015,0.0813897145519064,0.0845343156994583,0.0877106528660309,0.0907713443020588,0.0937378044534385,0.0966424019713244,0.0994615388077821,0.102263696555447,0.105162163617446,0.108142573144218,0.111195276316127,0.114327054543767,0.117541064744162,0.120804671541671,0.124083107516319,0.127322480629207,0.130516315322104,0.133697592907069,0.136858845126791,0.140002724550932,0.143195774486555,0.14648261599579,0.14980599935747,0.153088369178219,0.156325818703064,0.159549334168685,0.162723230265548,0.165768665351711,0.168700005137512,0.171591078160961,0.174473887768397,0.177339948211434,0.18017700305873,0.182960257103202,0.185697882873633,0.188438617766219,0.191238628793368,0.194132167681573,0.197129891572918,0.20023320090644,0.203421122251378,0.206658925123594,0.209926323261474,0.213199996334633,0.216454872508299,0.219677439985319,0.222886818870667,0.226106840127455,0.22932802946773,0.232534718370309,0.235701175304905,0.238771391253542,0.241692823895412,0.244485449072922,0.247220214395142,0.249981726441453,0.252843020506383,0.255858778662167,0.258998541181713,0.262180627758933,0.265354050274338,0.268549097240696,0.271784010618854,0.275038427692279,0.278224260705276,0.281292485231355,0.284256712696744,0.287200476040893,0.2901624052262,0.293167086748328,0.296179993894687,0.299206255038562,0.302307352046571,0.305557021700933,0.308971279351204,0.312529070807937,0.31619495682294,0.319901065000534,0.323581475234813,0.327186113114467,0.330724018865973,0.334183395522651,0.337577238804033,0.340855669317257,0.344009686135464,0.347044360181711,0.35006747162051,0.353166958154849,0.356438708206474,0.359846800833157,0.363342460857284,0.366865423829966,0.370453216370709,0.374156235744657,0.377984285379081,0.381837125389127,0.385525627766815,0.38895131392432,0.392103159519109,0.395160339900129,0.398277347414426,0.401644272986361,0.405159544023406,0.408749931064376,0.412208285489179,0.415647718361881,0.418975584493162,0.422468827133588,0.425921603042419,0.429535704458774,0.432881518037951,0.436223304745759,0.439367772429045,0.442926838505137,0.44654238096725,0.450015762751095,0.452733626897698,0.455052519273816,0.457628784382329,0.461135597356917,0.465460075939953,0.469602874866853,0.473300217325156,0.476602681876871,0.479954763925021,0.483056446456145,0.485880135286596,0.488365416568268,0.491128446791575,0.493927253343982,0.496230629620277,0.498320769161516,0.499528582458828,0.503062066798382,0.507554562661574,0.509839133020038,0.51056815003521,0.513271347785928,0.514248892197469,0.51947001585144,0.530968545237208,0.521278818637438,0.508667534894055,0.495310395801453,0.482402649020189,0.46983903975422,0.457955870155889,0.445546253747506,0.432119350020547,0.418701021671404,0.40444481451696,0.390954517863688,0.376210180356265,0.360963649680654,0.347691500445312,0.332604164016932,0.321040833215075,0.306069424422897,0.289711942344195,0.277653833242887,0.261401667857812,0.245547912905693,0.234131614159904,0.215935328560362,0.200870493298608,0.192698152271749,0.173242237801202,0.151630081128657,0.145167646319218,0.137457320845649,0.123401500827157,0.0896076598522599,0.0765837350008054,0.0778855572087075,0.0642114910561351,0.0290657512642856,0.0160649582011071,0.0120069574195428,8.28031374615218e-07,4.37644972585036e-12,2.38007758259868e-17,-8.61462169644758e-198,0,0,0,0,0,0,0,0,0,0,0,0,0,0,0,0,0,0,0,0,0,0,0,0,0,0,0,0,0,0,0,0,0,0,0,0,0,0,0,0,0,0,0,0,0,0,0,0,0,0,0,0,0,0,0,0,0,0,0,0,0,0,0,0,0,0,0,0,0,0,0,0,0,0,0,0,0,0,0,0,0,0,0,0,0,0,0,0,0,0,0,0,0,0,0,0,0,0,0,0,0,0,0,0,0,0,0,0,0,0,0,0,0,0,0,0,0,0,0,0,0,0,0,0,0,0,0,0,0,0,0,0,0,0,0,0,0,0,0,0,0,0,0,0,0,0,0,0,0,0,0,0,0,0,0,0,0,0,0,0,0,0,0,0,0,0,0,0,0,0,0,0,0,0,0,0,0,0,0,0,0,0,0,0,0,0,0,0,0,0,0,0,0,0,0,0,0,0,0,0,0,0,0,0,0,0,0,0,0,0,0,0,0,0,0,0,0,0,0,0,0,0,0,0,0,0,0,0,0,0,0,0,0,0,0,0,0,0,0,0,0,0,0,0,0,0,0,0,0,0,0,0,0,0,0,0,0,0,0,0,0,0,0,0,0,0,0,0,0,0,0,0,0,0,0,0,0,0,0,0,0,0,0,0,0,0,0,0,0
0,0.00338601399776479,0.00655432515436232,0.00946497381159561,0.0123128878789826,0.0151040399798619,0.0180179426727068,0.0210104042614593,0.0237424064641924,0.0263271505664391,0.0288597036307637,0.0312813004784306,0.0337484153081619,0.0363363526304624,0.0391368714838131,0.0422569766206274,0.0454352897987264,0.0484600741140705,0.0513844477088522,0.0542076783511702,0.056833437666905,0.0594263283332566,0.0621395016484692,0.0648051421347112,0.0673740812231052,0.0700210010356806,0.0728553552916623,0.0758462903218991,0.078915246358708,0.0819819478701737,0.0851297648180375,0.0883294843778502,0.0914224177827413,0.0943901425137326,0.097268319287146,0.100072112073357,0.102868791817983,0.105760761501355,0.108728242738393,0.111765720833146,0.114900263884484,0.118152409589512,0.12146846469168,0.124782901753811,0.128037202032412,0.131216562366933,0.13436087649172,0.137463521329491,0.140529712368635,0.143651704757425,0.146891648613151,0.150182423273702,0.153421433549915,0.15660184399695,0.159780684995932,0.162935699609586,0.165972565131122,0.168896613906957,0.171787188429681,0.174691284999018,0.177614345696679,0.180536594520229,0.183410328883309,0.186216416698519,0.188988756395305,0.191788948517032,0.194667083529892,0.197644607490445,0.200729813226202,0.203885816143381,0.207066669286814,0.210260350822121,0.21345655150832,0.216631342687783,0.219773957509842,0.222909248002192,0.226067333692707,0.22924201047596,0.232428128549281,0.235601920628757,0.238684104776292,0.241605415492565,0.244371572852553,0.247060185791311,0.249753858933984,0.252547926269756,0.255500741866862,0.258604725493619,0.261754972419598,0.264915440215122,0.268111577421235,0.271407427837963,0.274760877954951,0.278093305118653,0.281304478339112,0.284426858162328,0.287495692826116,0.29054675355139,0.293545965715348,0.296484583684031,0.299365308277511,0.302316877147677,0.305450906770887,0.30883334768436,0.312452399151444,0.316249617899841,0.320113355608395,0.32389049711191,0.32751799036153,0.330971931294186,0.334317715080615,0.337580734526325,0.340809836396152,0.343969218875623,0.347121440771222,0.350296647907032,0.353607274885726,0.357027035526404,0.360526478723035,0.363986411864261,0.367398174993127,0.370789484934236,0.374293688244483,0.377965052036935,0.381740670824906,0.385453149359503,0.388894987699416,0.392077549425145,0.395058791813607,0.398094268569045,0.401267318385202,0.404656407014746,0.407998289817887,0.411347532066648,0.414497584625337,0.417732820239879,0.420855395603954,0.424335195475903,0.427707712860478,0.431346275816948,0.434565255516742,0.437996014271289,0.441396937757413,0.44533382790562,0.448852809169943,0.451804180212752,0.453999901659252,0.456510877686698,0.460194108929863,0.464731143880102,0.468979032286916,0.471963104676723,0.474810009182597,0.479014260472868,0.483539466158959,0.486594870011553,0.488937434246808,0.49053836516939,0.493909261925768,0.498275405720926,0.499137292611022,0.501245690882991,0.503130387878234,0.503509743302534,0.508979401294789,0.506694385812905,0.508225292775755,0.522273347836054,0.511873579837811,0.500327513501645,0.488174273979566,0.47620335831814,0.464001115055513,0.451835898981332,0.438959489537021,0.42569824442851,0.413256183386181,0.399253921934377,0.386158519367873,0.372069277673927,0.357790286470043,0.345272273393631,0.330271570570382,0.318505480908612,0.304254989712467,0.289182663131666,0.27557929857993,0.256023560450828,0.239295046699951,0.228028768980878,0.213049763024654,0.208880086411784,0.196177682449352,0.179201369991626,0.160474569737353,0.149568579745854,0.131373698892259,0.106002384909978,0.0993938715954534,0.0993447234004097,0.0870666044580519,0.0475981029376557,0.0332999926345624,0.0361535466775088,0.0138953283339692,2.08111007810535e-05,9.24017028186799e-11,1.02207331643947e-14,2.24660990435927e-48,0,0,0,0,0,0,0,0,0,0,0,0,0,0,0,0,0,0,0,0,0,0,0,0,0,0,0,0,0,0,0,0,0,0,0,0,0,0,0,0,0,0,0,0,0,0,0,0,0,0,0,0,0,0,0,0,0,0,0,0,0,0,0,0,0,0,0,0,0,0,0,0,0,0,0,0,0,0,0,0,0,0,0,0,0,0,0,0,0,0,0,0,0,0,0,0,0,0,0,0,0,0,0,0,0,0,0,0,0,0,0,0,0,0,0,0,0,0,0,0,0,0,0,0,0,0,0,0,0,0,0,0,0,0,0,0,0,0,0,0,0,0,0,0,0,0,0,0,0,0,0,0,0,0,0,0,0,0,0,0,0,0,0,0,0,0,0,0,0,0,0,0,0,0,0,0,0,0,0,0,0,0,0,0,0,0,0,0,0,0,0,0,0,0,0,0,0,0,0,0,0,0,0,0,0,0,0,0,0,0,0,0,0,0,0,0,0,0,0,0,0,0,0,0,0,0,0,0,0,0,0,0,0,0,0,0,0,0,0,0,0,0,0,0,0,0,0,0,0,0,0,0,0,0,0,0,0,0,0,0,0,0,0,0,0,0,0,0,0,0,0,0,0,0,0,0,0,0,0,0,0,0,0,0,0,0,0,0,0,0,0
0,0.00336373968642641,0.00651583350730751,0.0093848107375558,0.0121873576364885,0.0149361646118043,0.0178585852501438,0.0209322083257528,0.0237934915711434,0.0265247486643209,0.029184772345025,0.0317460437695028,0.0343492707158203,0.0370359758438285,0.0398949034476778,0.0430452473298052,0.0462361162314004,0.0492939918738059,0.0522429360129546,0.05503431748717,0.0575946414862254,0.0601433818115143,0.0628732197828007,0.0655686662214921,0.068142990796794,0.0707553355999956,0.0734924352495264,0.0763861100118666,0.0794074098454656,0.0824361618085758,0.0855482596040981,0.088730143929051,0.0918370580145417,0.0948228367544612,0.0977026634690681,0.100523937126963,0.103351381175501,0.106252693328254,0.109192971952997,0.112197876090593,0.11532016225565,0.118588416908667,0.121931435021641,0.125259147032589,0.128521123963249,0.131694942426764,0.1348034322095,0.137831908123318,0.140794425747068,0.143820168751615,0.146991425005202,0.150233684805558,0.153419470123476,0.156537831741531,0.159670719831537,0.162805948236695,0.165829870939147,0.168740886511636,0.171627562836414,0.174565337054881,0.177579142678093,0.180630299586143,0.183628517618933,0.186520438880981,0.189325703131654,0.192120774392239,0.194971201683701,0.197905950275019,0.200933718128347,0.204009634744114,0.207084406161896,0.210173993051532,0.213284945507108,0.2163926497542,0.219478389940799,0.222569993986613,0.22570040769413,0.228860449515731,0.232047137268102,0.235224501904477,0.238308403405588,0.241221920468847,0.24397657593888,0.246625485105327,0.249266754947441,0.251994463039453,0.254906368674471,0.257973225171385,0.261107989175599,0.26423554369058,0.267436905164172,0.270764667379079,0.274233382433561,0.27770253478648,0.281105676022634,0.284404053109054,0.287655255121805,0.29078610610726,0.293798822936125,0.296655591080669,0.299448952595911,0.302293280146891,0.305358089331353,0.308701980969927,0.312338076419037,0.316188681245613,0.320078139214693,0.323822625080507,0.327305376506321,0.330575324386708,0.333690822779666,0.336820400418588,0.339981926779054,0.343242174855349,0.346546634406602,0.349976527871114,0.353498454427249,0.357124543308043,0.360694714954854,0.364182724999811,0.367532949613629,0.37083515443145,0.374187766339849,0.377706868230286,0.381347744356577,0.384943599257438,0.38834686204021,0.391451116756972,0.394453617627812,0.397443023705679,0.400625582013092,0.403797170664915,0.40696295374931,0.409903398419058,0.412949364996831,0.415786903350079,0.419009681238213,0.42217187859585,0.425995034275719,0.429590755203296,0.433535978958979,0.436831839863977,0.440546489647888,0.443902254061881,0.447254638868663,0.449795648523777,0.452114606291044,0.454799416849786,0.458713810573085,0.463202817772002,0.467147785343328,0.469440232334459,0.470721339550549,0.473192585965308,0.477924179762861,0.481992566051981,0.483718758833727,0.485539568677907,0.486364078574078,0.490126786229828,0.493335469156063,0.496755455917965,0.499426394839432,0.501450683265221,0.512660008177868,0.508699795314704,0.49867127964452,0.487868532098401,0.477074762652125,0.466145903049772,0.454430615108505,0.442078876708129,0.430117447186826,0.417863110483151,0.405822384564688,0.392494509489592,0.380940743523558,0.368072226788568,0.354124466628286,0.341922139554486,0.327403595542682,0.315422046012801,0.300192038369099,0.284771694595019,0.273588389002714,0.25844249958687,0.248460795807461,0.232390622028934,0.215861846289796,0.207129980006984,0.189918110063002,0.174572696962431,0.16907535354652,0.152606357642419,0.129695120515791,0.122292551753733,0.119073007654746,0.107095395184529,0.0685711864518347,0.0540908505292566,0.0585244474769241,0.0288163126899421,0.0150839781864033,0.0121649294680339,4.05101584125896e-08,2.15815235996613e-13,2.38007758259874e-17,-9.81355518200442e-198,0,0,0,0,0,0,0,0,0,0,0,0,0,0,0,0,0,0,0,0,0,0,0,0,0,0,0,0,0,0,0,0,0,0,0,0,0,0,0,0,0,0,0,0,0,0,0,0,0,0,0,0,0,0,0,0,0,0,0,0,0,0,0,0,0,0,0,0,0,0,0,0,0,0,0,0,0,0,0,0,0,0,0,0,0,0,0,0,0,0,0,0,0,0,0,0,0,0,0,0,0,0,0,0,0,0,0,0,0,0,0,0,0,0,0,0,0,0,0,0,0,0,0,0,0,0,0,0,0,0,0,0,0,0,0,0,0,0,0,0,0,0,0,0,0,0,0,0,0,0,0,0,0,0,0,0,0,0,0,0,0,0,0,0,0,0,0,0,0,0,0,0,0,0,0,0,0,0,0,0,0,0,0,0,0,0,0,0,0,0,0,0,0,0,0,0,0,0,0,0,0,0,0,0,0,0,0,0,0,0,0,0,0,0,0,0,0,0,0,0,0,0,0,0,0,0,0,0,0,0,0,0,0,0,0,0,0,0,0,0,0,0,0,0,0,0,0,0,0,0,0,0,0,0,0,0,0,0,0,0,0,0,0,0,0,0,0,0,0,0,0,0,0,0,0,0,0,0,0,0,0,0,0,0,0,0,0,0,0,0,0,0
0,0.00339037816335391,0.00655288206459475,0.00935822705726318,0.0120651118333926,0.0147155269211204,0.0175771941823933,0.0206722442322401,0.0236368283068839,0.0265307341993537,0.0293794824559914,0.0321559202467876,0.0349666433762508,0.0378091992800081,0.0407456859442269,0.0438780961065496,0.046972062161192,0.0499475203777429,0.0528498971687279,0.0555998162251965,0.0581280860145039,0.0606825127366293,0.0634680960848101,0.0662176605465022,0.0688286633290718,0.071457240507764,0.0741358727707778,0.0769254253092452,0.0798621936908944,0.0828205084140728,0.0858636282950133,0.0889683835459366,0.0920270753499727,0.0949983082220402,0.0978799734646149,0.10073912928846,0.103633598783894,0.10658438743377,0.109523005644452,0.112503900238878,0.115603913459147,0.118847477565204,0.122164194453105,0.125462597390998,0.128723056768506,0.131912842604578,0.135014219338738,0.1379814247772,0.140831633065553,0.143731498443446,0.146798103722257,0.149964583043721,0.153092290996103,0.156157692111592,0.15925137950812,0.162358831911546,0.165356846086278,0.168250889964575,0.171143711636891,0.174136194137901,0.177265224356867,0.180455582555936,0.183571468761395,0.186532752457968,0.189358088453655,0.192137954312099,0.19494853826838,0.197814442541569,0.200756122357932,0.203731192819037,0.206701440198731,0.20970248085753,0.212748643650291,0.215803101142781,0.21884730483668,0.221921846516994,0.22506489084203,0.228256315400766,0.231464600286671,0.234645637811523,0.23771302190104,0.240624478375565,0.243369439476378,0.245998312245901,0.24858529264636,0.251286048731645,0.254182389685816,0.257279078589425,0.260419590229087,0.263562703625199,0.266734005345027,0.270079944674366,0.273563085339917,0.277130300693485,0.280627778708918,0.284102756092196,0.287479686855029,0.290732892544377,0.293752003373145,0.296641550930968,0.299428326028794,0.302296282067406,0.30531950462892,0.308621375339076,0.312210758244759,0.316027511246329,0.319858189662321,0.323449696281335,0.326744114803484,0.329748525257296,0.332662394621596,0.33560512911994,0.33874733116737,0.342015885546948,0.345465815469453,0.349019684322242,0.352749909791004,0.35648202646182,0.360181971511292,0.363722109215493,0.367123958577082,0.370413469319767,0.373753244293584,0.377200078965003,0.380710567850745,0.384135614594754,0.387361965101977,0.390492219425391,0.393557101910487,0.396796936458279,0.400036097996195,0.403255712359078,0.406114457156242,0.408989270072441,0.411617377631911,0.414571494356609,0.417273783784504,0.420728086308972,0.423943610719143,0.428121328552551,0.431822906427787,0.436052592877763,0.439704608941654,0.443711826734505,0.446573989121529,0.449018811753118,0.45079785298216,0.453613119958904,0.457639306107092,0.461704430387134,0.464710608965923,0.467038481061453,0.468311066375359,0.471168837838863,0.476005317324259,0.480162322309783,0.485065115639003,0.487463531340482,0.485954872138584,0.487071135650361,0.486511819173757,0.489677235512431,0.504216363730951,0.497162827284271,0.487572608852636,0.477420145963908,0.466422583543661,0.454806327986941,0.443412263504762,0.43218113206505,0.421257631484294,0.408991402729089,0.397758472731271,0.386123220761134,0.375616756458194,0.363515714999637,0.350740404754673,0.339453005334219,0.325058541000079,0.313524508195487,0.299219035389951,0.284344930055811,0.272656839109911,0.256774826511971,0.246978282060638,0.232045927759772,0.218222214272735,0.209884012257795,0.191999127965633,0.174924041984658,0.166667283886529,0.15002217409672,0.130202963678525,0.123306695565999,0.112976464058721,0.0854749045584448,0.0773634617984102,0.0785256228525945,0.0461430974889375,0.0317916617487889,0.0365417290333975,0.0141769771925988,1.01116468572603e-06,9.4597055043447e-11,5.03216403183939e-16,2.34347936545985e-48,0,0,0,0,0,0,0,0,0,0,0,0,0,0,0,0,0,0,0,0,0,0,0,0,0,0,0,0,0,0,0,0,0,0,0,0,0,0,0,0,0,0,0,0,0,0,0,0,0,0,0,0,0,0,0,0,0,0,0,0,0,0,0,0,0,0,0,0,0,0,0,0,0,0,0,0,0,0,0,0,0,0,0,0,0,0,0,0,0,0,0,0,0,0,0,0,0,0,0,0,0,0,0,0,0,0,0,0,0,0,0,0,0,0,0,0,0,0,0,0,0,0,0,0,0,0,0,0,0,0,0,0,0,0,0,0,0,0,0,0,0,0,0,0,0,0,0,0,0,0,0,0,0,0,0,0,0,0,0,0,0,0,0,0,0,0,0,0,0,0,0,0,0,0,0,0,0,0,0,0,0,0,0,0,0,0,0,0,0,0,0,0,0,0,0,0,0,0,0,0,0,0,0,0,0,0,0,0,0,0,0,0,0,0,0,0,0,0,0,0,0,0,0,0,0,0,0,0,0,0,0,0,0,0,0,0,0,0,0,0,0,0,0,0,0,0,0,0,0,0,0,0,0,0,0,0,0,0,0,0,0,0,0,0,0,0,0,0,0,0,0,0,0,0,0,0,0,0,0,0,0,0,0,0,0,0,0,0,0,0,0,0,0,0
0,0.00348197873223121,0.00669738167311593,0.0094301011353708,0.0120093354565783,0.01453470935464,0.0172925155865172,0.0203626212592072,0.0234153396201537,0.0264784288502184,0.0295367338330098,0.0325438618720026,0.0355771678062294,0.0385947474277446,0.0416131923923966,0.0446905031752393,0.0476115910384909,0.0504237887196402,0.0532195359570632,0.0558937579388482,0.0583822992430317,0.0609590386743218,0.0638111980810578,0.0666081775084116,0.0692643469147856,0.0719573233166147,0.0746481271933807,0.0773934150133148,0.0802782662136185,0.0831799548513359,0.0861484646705137,0.0891406584244419,0.0920924667477176,0.0949919642014211,0.0978387678514971,0.100724612613347,0.103696307593937,0.106731402084441,0.109701608427657,0.112670804109094,0.115735826130448,0.118920293770684,0.122167058589206,0.125405646504674,0.128655651106741,0.13187562564562,0.134990161822402,0.137909881395619,0.140647845295638,0.143415627273588,0.146365004245156,0.149448447337655,0.152522464301813,0.155543064642358,0.158586936326776,0.161645416960179,0.16461334869406,0.16751902597784,0.170455525504074,0.173517789391389,0.176734488660403,0.180004639984597,0.183178206922545,0.18617638260694,0.189015460076698,0.191783049799682,0.194542511684255,0.197320626993311,0.200170381649116,0.203077795996199,0.206006980254034,0.208981874488872,0.211989667081357,0.214981783765399,0.217965246158648,0.221014287032601,0.224183822662675,0.227416234495202,0.230648084704032,0.23380560561243,0.236848779342639,0.239744172307744,0.242499412181226,0.245103149243214,0.247679323991697,0.250377078027476,0.253349748341088,0.256516585395326,0.259757211602736,0.262922772094879,0.266120373547097,0.269406872257114,0.272874069939943,0.276361150448403,0.279875514434023,0.283351748158412,0.286868441843061,0.290199862011711,0.293372667513013,0.296343600651633,0.299293747146747,0.302211989445985,0.305268371799353,0.308506526575482,0.312061966499413,0.315836846412327,0.319586805898935,0.323054756800957,0.326135136985019,0.328975220378535,0.331690427334073,0.334575432461609,0.337627159805528,0.340949021373313,0.344375696724942,0.348013428956617,0.351785838392444,0.355688519607328,0.35951195506796,0.363243617579505,0.366769812926965,0.370125061206812,0.373501444050131,0.376947524701665,0.380301847684013,0.383459861997381,0.386499718837136,0.389504602659821,0.392653083042927,0.395819445321316,0.399182030393228,0.402336218271537,0.405479558622759,0.408240269500483,0.411165929552218,0.413548697633216,0.416717255771025,0.419456244453605,0.42331713524007,0.426573881035107,0.43073186631797,0.434059367478864,0.438589628256166,0.442535897880621,0.445887620677784,0.446949946757272,0.448260415522669,0.451683390060396,0.457693640395598,0.461808539672488,0.463698628667458,0.467175905771506,0.470792858399368,0.473731441343963,0.477020564697788,0.477876690870126,0.483449084592047,0.485514301987043,0.484363323909541,0.497211294721263,0.493586972814511,0.483191051811309,0.472895013263206,0.463853462198059,0.45515025062326,0.446435283969495,0.437456332716671,0.427255046213008,0.416558719389392,0.404920349303652,0.393552788268201,0.380312481261831,0.366366664058582,0.354519415135691,0.343339665104303,0.333320358424785,0.320108678781786,0.309460510474063,0.295590367893689,0.281802276988815,0.271600061535925,0.25674131835409,0.246647865385849,0.231110418235643,0.217570427122378,0.208753780976448,0.190922507846927,0.173333525740314,0.159168114915037,0.138563583864244,0.136119221530738,0.127848599544988,0.105697706003749,0.0983509682410393,0.100287403931648,0.0891212893780099,0.0491873430599076,0.034553451711558,0.0368995512037426,0.0141873087945972,0.00049945721007282,1.99575401537094e-09,2.17059676596516e-13,3.47884117254078e-32,-1.1128949060196e-197,0,0,0,0,0,0,0,0,0,0,0,0,0,0,0,0,0,0,0,0,0,0,0,0,0,0,0,0,0,0,0,0,0,0,0,0,0,0,0,0,0,0,0,0,0,0,0,0,0,0,0,0,0,0,0,0,0,0,0,0,0,0,0,0,0,0,0,0,0,0,0,0,0,0,0,0,0,0,0,0,0,0,0,0,0,0,0,0,0,0,0,0,0,0,0,0,0,0,0,0,0,0,0,0,0,0,0,0,0,0,0,0,0,0,0,0,0,0,0,0,0,0,0,0,0,0,0,0,0,0,0,0,0,0,0,0,0,0,0,0,0,0,0,0,0,0,0,0,0,0,0,0,0,0,0,0,0,0,0,0,0,0,0,0,0,0,0,0,0,0,0,0,0,0,0,0,0,0,0,0,0,0,0,0,0,0,0,0,0,0,0,0,0,0,0,0,0,0,0,0,0,0,0,0,0,0,0,0,0,0,0,0,0,0,0,0,0,0,0,0,0,0,0,0,0,0,0,0,0,0,0,0,0,0,0,0,0,0,0,0,0,0,0,0,0,0,0,0,0,0,0,0,0,0,0,0,0,0,0,0,0,0,0,0,0,0,0,0,0,0,0,0,0,0,0,0,0,0,0,0,0,0,0,0,0,0,0,0,0,0,0,0,0,0,0
0,0.00364718186538961,0.00696658275527378,0.00963489835850831,0.0120819836032,0.0144900082264882,0.0171348511319134,0.0201563118704031,0.0232861010690848,0.0265087967232926,0.0297612829823966,0.0329684392923475,0.0361908517334092,0.0393658367986367,0.0424486229393394,0.0454412934263329,0.0481588734838102,0.0507821622892791,0.05343302740836,0.0559763479441625,0.0583733250220655,0.0609441909837943,0.0638322815809646,0.0666393948903299,0.0693239725471278,0.0720984018764308,0.0748468997385941,0.077615509052626,0.0805197254172654,0.0834254043306554,0.0863725431274164,0.0892943648716334,0.092155688558259,0.0949586786518479,0.0977255482337281,0.100588556585821,0.103594162194657,0.106681863489682,0.109670447909206,0.112625004308317,0.11567731779413,0.118833261448057,0.122031098133205,0.125200599584853,0.12840389373459,0.131602604312019,0.134696420813714,0.13756478536432,0.140234018900472,0.142940832919117,0.145832499999034,0.148851619016846,0.151861170310924,0.154805619111475,0.157764582021498,0.160761342883823,0.163736388757223,0.166722996683195,0.169749113576126,0.172853519070428,0.176057297935867,0.179288719754132,0.182442624978135,0.185457128178903,0.188321571521748,0.191083605997503,0.193782378766002,0.196471277863545,0.199262902548354,0.20217878978319,0.20515903894241,0.208170844544824,0.21114900930899,0.214057870238893,0.216954295137687,0.21997174482603,0.223150023125203,0.226407933785189,0.229617673007473,0.232733972526401,0.235722948407227,0.238610837986768,0.2413480023447,0.243964931482204,0.246553606330944,0.249361951250962,0.252444776005733,0.255753140295937,0.259042191109102,0.26227866428765,0.265452918530936,0.268741788471362,0.272058060627588,0.275425093059341,0.278719151718982,0.282163436476055,0.285661149479347,0.289190456735437,0.292475344637265,0.295701437237791,0.29878309852234,0.30189972433467,0.304984355582321,0.308276592391428,0.311810749054581,0.315569906179474,0.319263388513905,0.322632423012094,0.325663585956941,0.32839282698479,0.331125105578616,0.333975986621932,0.337148576377234,0.340450953985124,0.343924964965157,0.347468669733735,0.35125602457295,0.355150744428996,0.359083648444272,0.362920936981162,0.366564270677415,0.370044004923907,0.37338751715889,0.376754355966145,0.379938289563195,0.382974476604573,0.386015335475257,0.38909498895339,0.391934933703391,0.394815996964237,0.397721453350125,0.401004014865095,0.40412418244035,0.407621882177751,0.410428968640532,0.413778507844898,0.416442015006986,0.420285287378883,0.422912784343382,0.42692326346963,0.429752356694387,0.433744616465571,0.437850355764813,0.442733254457746,0.445294431868877,0.446877927995278,0.446764932880155,0.449134395725737,0.454423550142382,0.458678757820328,0.460141521495846,0.46532340748598,0.472646437147328,0.475334515011835,0.479846613332743,0.473008166124625,0.47725821296614,0.491385740811283,0.484878514076444,0.475610571302564,0.464953634636456,0.45301992603728,0.440770846248176,0.429729260445439,0.419093107751998,0.409327372765153,0.399742470595554,0.390215294378089,0.379325908577198,0.368589591959323,0.357248342902028,0.346476772133413,0.333622955719306,0.32402957874395,0.313424974825438,0.304548756852342,0.291945546778932,0.278891705519873,0.269251784125637,0.255413477742664,0.245837373093943,0.229171384598596,0.212583579263153,0.201667553804069,0.186427893746984,0.181788773746193,0.16811050115064,0.151766262782467,0.145093955706261,0.129151511059026,0.10711237599926,0.101882117699762,0.0954970184439737,0.0657300729347892,0.0559448907081695,0.0601427868639651,0.0298301158590254,0.0156401470185437,0.0125784835822554,4.30711095033461e-08,4.58573340306793e-12,2.38007758262829e-17,8.60556325073834e-66,0,0,0,0,0,0,0,0,0,0,0,0,0,0,0,0,0,0,0,0,0,0,0,0,0,0,0,0,0,0,0,0,0,0,0,0,0,0,0,0,0,0,0,0,0,0,0,0,0,0,0,0,0,0,0,0,0,0,0,0,0,0,0,0,0,0,0,0,0,0,0,0,0,0,0,0,0,0,0,0,0,0,0,0,0,0,0,0,0,0,0,0,0,0,0,0,0,0,0,0,0,0,0,0,0,0,0,0,0,0,0,0,0,0,0,0,0,0,0,0,0,0,0,0,0,0,0,0,0,0,0,0,0,0,0,0,0,0,0,0,0,0,0,0,0,0,0,0,0,0,0,0,0,0,0,0,0,0,0,0,0,0,0,0,0,0,0,0,0,0,0,0,0,0,0,0,0,0,0,0,0,0,0,0,0,0,0,0,0,0,0,0,0,0,0,0,0,0,0,0,0,0,0,0,0,0,0,0,0,0,0,0,0,0,0,0,0,0,0,0,0,0,0,0,0,0,0,0,0,0,0,0,0,0,0,0,0,0,0,0,0,0,0,0,0,0,0,0,0,0,0,0,0,0,0,0,0,0,0,0,0,0,0,0,0,0,0,0,0,0,0,0,0,0,0,0,0,0,0,0,0,0,0,0,0,0,0,0,0,0,0,0,0,0,0,0,0
0,0.00387425017070717,0.00733693884537793,0.00996406706780158,0.0123074613156483,0.0146408075033299,0.0171965706831606,0.0201617823342011,0.0233403707903419,0.0266798632842197,0.0300784815447384,0.0334226212967529,0.0367659635690271,0.0400441693458562,0.0431465672791883,0.0460157832415344,0.0485311906648822,0.050985747645821,0.0534932475767323,0.0558749876285983,0.0581494538611055,0.0606902870737451,0.0635733682918171,0.0663425102818975,0.0690205628438852,0.0718487235382235,0.074641317029367,0.077460179055566,0.080446615076073,0.0834431738003107,0.0864708472447998,0.0894385206167465,0.0922939653813038,0.0950246637555307,0.0976685735974883,0.100432434471203,0.103375903132491,0.106430708295751,0.109390394935715,0.112345978941837,0.11545425215728,0.118667909281585,0.121858673754211,0.124933191033742,0.127989653640764,0.131051090514136,0.134057008381951,0.136903615289686,0.139621394559476,0.142416433109221,0.145339633389237,0.148298349498942,0.151186987255208,0.153999406833208,0.156859523410307,0.159834898916573,0.162891957541392,0.166020661824867,0.169139250803165,0.172206005609819,0.175277972176316,0.178376134208151,0.181482511681691,0.18451801898627,0.187415208484009,0.190154522819564,0.192787921160279,0.195423974717542,0.198244612622835,0.201255631641822,0.204345528066131,0.207385308083895,0.210304670283094,0.213109391277128,0.215958919019934,0.218980024867945,0.222193454748249,0.225428039247101,0.228584174963839,0.231605685781299,0.234547877171272,0.237376302219687,0.240094111623547,0.242698141562779,0.245423000045389,0.248421342367665,0.251747988370436,0.255133182207053,0.258449246601012,0.261615739999693,0.264822282490467,0.26802179957521,0.271251350441351,0.274327778844966,0.277459419442105,0.280685723214565,0.28423718585395,0.28774427489229,0.291222208497407,0.294520201093737,0.297886478883262,0.301105874793431,0.304378527123801,0.30765237013331,0.311159728057463,0.314758889216473,0.318330543434033,0.321716337048273,0.324833955263571,0.327771086769878,0.330564354496504,0.33360273372225,0.336868279747485,0.340380016539055,0.343809339382511,0.347368444150856,0.351086183522911,0.35487402301007,0.3586723092258,0.362497500187378,0.366356999457285,0.369892047495397,0.373297558791806,0.37637120122187,0.379378855434989,0.382397419754928,0.385810629538174,0.389127182694489,0.391815657921966,0.39389181852563,0.396417578271889,0.399277753681195,0.403141931484063,0.406874812061818,0.410878963122556,0.413326342061689,0.417121906922254,0.419446197326987,0.423431524452939,0.426547876202042,0.431269096539649,0.433929362534802,0.437645706131525,0.440151261302198,0.44169293876962,0.442019486032819,0.443646884541152,0.443763882193242,0.450523233600498,0.456946427473865,0.457048655517172,0.464423522744225,0.460313954333653,0.462363940030606,0.472771009047217,0.472042211563011,0.464084634900869,0.456102715487665,0.448543496799415,0.440246720408144,0.430827005263596,0.420821878032318,0.409676585028665,0.399169902024021,0.388122758646111,0.378269697316461,0.368320405641974,0.359752749150859,0.349355532322261,0.340611406671715,0.330149005863874,0.320461026963033,0.307622303108599,0.294297490378697,0.284001709723126,0.272916890812531,0.264022829270904,0.250179582963223,0.241355481297404,0.226626274648988,0.212173828897059,0.202144629807545,0.18629726112042,0.179888995283174,0.164382489754909,0.150094950461828,0.147055029163391,0.134288073402181,0.109658004193721,0.101651817445131,0.0974073720738833,0.0672702279504684,0.0557737012602837,0.0595644265712432,0.0300396121512788,0.0172614401680493,0.0128440278069483,1.05677367856828e-06,9.68466745638358e-11,5.23617068309288e-16,2.5436512404558e-48,0,0,0,0,0,0,0,0,0,0,0,0,0,0,0,0,0,0,0,0,0,0,0,0,0,0,0,0,0,0,0,0,0,0,0,0,0,0,0,0,0,0,0,0,0,0,0,0,0,0,0,0,0,0,0,0,0,0,0,0,0,0,0,0,0,0,0,0,0,0,0,0,0,0,0,0,0,0,0,0,0,0,0,0,0,0,0,0,0,0,0,0,0,0,0,0,0,0,0,0,0,0,0,0,0,0,0,0,0,0,0,0,0,0,0,0,0,0,0,0,0,0,0,0,0,0,0,0,0,0,0,0,0,0,0,0,0,0,0,0,0,0,0,0,0,0,0,0,0,0,0,0,0,0,0,0,0,0,0,0,0,0,0,0,0,0,0,0,0,0,0,0,0,0,0,0,0,0,0,0,0,0,0,0,0,0,0,0,0,0,0,0,0,0,0,0,0,0,0,0,0,0,0,0,0,0,0,0,0,0,0,0,0,0,0,0,0,0,0,0,0,0,0,0,0,0,0,0,0,0,0,0,0,0,0,0,0,0,0,0,0,0,0,0,0,0,0,0,0,0,0,0,0,0,0,0,0,0,0,0,0,0,0,0,0,0,0,0,0,0,0,0,0,0,0,0,0,0,0,0,0,0,0,0,0,0,0,0,0,0,0,0,0,0,0,0,0,0,0
0,0.00411471734286465,0.00771750395158957,0.0103363351230481,0.012644765851089,0.0149956880046001,0.0175302088197435,0.0204508357299856,0.0236310954786646,0.0270172833139569,0.0304930035975023,0.0339009507569149,0.0372767066186607,0.0405714360789563,0.0436145546522363,0.0463030491723035,0.0486231870628638,0.0509551544916523,0.0533558099566048,0.0555982589946309,0.0577768524576098,0.0603054155888213,0.0631607916516067,0.0658620819839486,0.0685124687575415,0.0713688311343406,0.0741879392576835,0.077063019449615,0.0801632610185432,0.0832890405021618,0.0864466314917894,0.0895155445705385,0.092414615653243,0.0950894920148756,0.097600092289291,0.100228885307561,0.103081435619234,0.106080604364592,0.109029095916212,0.112019644650702,0.115216247154852,0.118477440528591,0.121611402974041,0.124503770667202,0.127313985525099,0.130163963486751,0.133095085641753,0.136014997443713,0.138924579480155,0.141906947117407,0.144873136026044,0.147711237353928,0.150412225818446,0.153086574765032,0.155917120202051,0.158966073481101,0.162152551923019,0.165399140034342,0.168521442096782,0.171461722917784,0.174344003750892,0.177331782461335,0.180426293225675,0.183495278244543,0.186368812190982,0.189041575528952,0.191612685515114,0.194309900676,0.197281203840079,0.200474285233152,0.203635920739084,0.206623826236591,0.2093949789234,0.212134064888701,0.215030422445472,0.21820884838867,0.221504563030357,0.224739405759374,0.22776637332521,0.230678663873715,0.233492652528678,0.236241227015609,0.238840183943485,0.241476658799404,0.244362916441272,0.24771384393079,0.251287414859281,0.254791232045108,0.257980036437571,0.261070413237671,0.264171320010974,0.267352304478585,0.270353469953576,0.273292820334213,0.276192218555917,0.27942575272984,0.282816047611849,0.286360530009137,0.289712631583704,0.293223170343934,0.296658002948746,0.300118063079791,0.303327359161269,0.306611337395598,0.309902354297164,0.313274991366129,0.316668875373061,0.320135240006888,0.323574297896496,0.326699515792737,0.329672767161806,0.332684208683937,0.336076711757254,0.339616550445761,0.343225941567644,0.346819007329979,0.350507284553317,0.354163982938673,0.357705792845114,0.361682857335024,0.365745735835415,0.369661907749293,0.372756003707981,0.375635776656289,0.378356263735741,0.381729292918671,0.385501254482531,0.389063894964847,0.391160656513035,0.392674182187376,0.394400159891139,0.397227847525361,0.400597034979566,0.405278750825979,0.409157681961657,0.413658939385591,0.416458133553296,0.420564308995376,0.421877840882418,0.425826345854572,0.430043265482705,0.435197539703042,0.437904085615087,0.440583481725079,0.438514870083935,0.442470108343572,0.446399406849936,0.443880890378085,0.446958900988131,0.450583758025372,0.455997096522475,0.467225020496833,0.465619828562463,0.458565871223706,0.450782734041499,0.443125191312759,0.43452021965737,0.425622876532461,0.417748502765189,0.410320156096847,0.402040814405774,0.39420798301576,0.385333422612224,0.376944994766657,0.367228519617618,0.35805004300527,0.347591390242817,0.337997735679189,0.326173547172088,0.313712945045325,0.303048804641011,0.291355891803984,0.28092713738284,0.266951253851623,0.258815348735975,0.247490653101653,0.238848838372304,0.223842411243584,0.210072538493365,0.201605696358169,0.18730242030295,0.181437294102516,0.165011413700547,0.147083446173345,0.135338255912149,0.116409885784962,0.117064524004385,0.114213571536559,0.0875540412446953,0.0770004808857223,0.0803856279558419,0.0480399960238348,0.0333972761416017,0.0382510960609672,0.0148638848348284,2.27743763202816e-05,2.0445010739967e-09,1.10605605988332e-14,4.13293040020828e-32,-1.42195679809206e-197,0,0,0,0,0,0,0,0,0,0,0,0,0,0,0,0,0,0,0,0,0,0,0,0,0,0,0,0,0,0,0,0,0,0,0,0,0,0,0,0,0,0,0,0,0,0,0,0,0,0,0,0,0,0,0,0,0,0,0,0,0,0,0,0,0,0,0,0,0,0,0,0,0,0,0,0,0,0,0,0,0,0,0,0,0,0,0,0,0,0,0,0,0,0,0,0,0,0,0,0,0,0,0,0,0,0,0,0,0,0,0,0,0,0,0,0,0,0,0,0,0,0,0,0,0,0,0,0,0,0,0,0,0,0,0,0,0,0,0,0,0,0,0,0,0,0,0,0,0,0,0,0,0,0,0,0,0,0,0,0,0,0,0,0,0,0,0,0,0,0,0,0,0,0,0,0,0,0,0,0,0,0,0,0,0,0,0,0,0,0,0,0,0,0,0,0,0,0,0,0,0,0,0,0,0,0,0,0,0,0,0,0,0,0,0,0,0,0,0,0,0,0,0,0,0,0,0,0,0,0,0,0,0,0,0,0,0,0,0,0,0,0,0,0,0,0,0,0,0,0,0,0,0,0,0,0,0,0,0,0,0,0,0,0,0,0,0,0,0,0,0,0,0,0,0,0,0,0,0,0,0,0,0,0,0,0,0,0,0,0,0,0,0,0,0,0,0,0,0,0
0,0.00427118806159815,0.00793882000034079,0.0105759618690767,0.0129501980633659,0.0154530647787451,0.0180807772994436,0.0209939429781982,0.0241360671750476,0.0274944858992282,0.0309796329514135,0.0343799423036786,0.0376924135827697,0.0408812676659943,0.0437504946585866,0.0461689108336217,0.0482860881921992,0.0505372715845446,0.0528850611449973,0.0550538975516443,0.0572314366693666,0.059831241892998,0.0627055545348763,0.0653871206956693,0.0680649316442202,0.0709962506691833,0.0738712728207003,0.0768019958835962,0.0799543983750967,0.0831012651718651,0.086246457674965,0.0893089399911179,0.0921889015575038,0.0948365165768078,0.097299660176142,0.0999334129401801,0.102843089617879,0.105923679974901,0.108931380215326,0.111927244741218,0.115049410633058,0.118140092376228,0.121029338362173,0.123672368166714,0.126275984873492,0.129039052817829,0.132041195075568,0.135149074894829,0.138274760697844,0.141365309374385,0.144251403295113,0.146893665383179,0.149431002942431,0.152091103031597,0.15505755531887,0.158261557637988,0.161540683836315,0.164749898596724,0.167743530427941,0.170492914464593,0.173266614232152,0.176247326615132,0.179413088523406,0.182435972451894,0.185171419171116,0.187665283555028,0.190238961190995,0.19311854992291,0.19639512753364,0.199757132190029,0.2029132277111,0.20568279603987,0.208283521590813,0.21100039464005,0.214140340336072,0.21758108824976,0.221077020634432,0.224276535570435,0.227199551297561,0.229908996133503,0.232587289119225,0.235143877417935,0.237663875657524,0.2403160587061,0.243491002824236,0.247155334190036,0.251013678417975,0.254530972563984,0.257665317864907,0.260615313020808,0.263687927900219,0.266687691218453,0.269547756027611,0.272265269147557,0.27524797816944,0.278408882589659,0.281851064058815,0.285153266047947,0.288584784042589,0.292066110520316,0.29574739586473,0.299068918653694,0.302293334668446,0.305396446938489,0.308707447754587,0.312003079958141,0.315434321545469,0.319065374894471,0.322663679994905,0.325894272083549,0.328648406534083,0.331538734414621,0.33479127205194,0.338309376217718,0.34184229768651,0.345422677144676,0.348891857698736,0.352077057579599,0.355595194004174,0.359582402488765,0.364164524081895,0.367739364530439,0.370674249117701,0.37319273433173,0.376022279625264,0.379175629546241,0.383231764306199,0.38667781793177,0.389267438312073,0.391156086468364,0.393759723034197,0.395836862561832,0.398824770467434,0.402747176159765,0.407794166533092,0.411610225721442,0.417206065689954,0.419894533774255,0.422086457759394,0.42487725105705,0.432666232677832,0.434767397406942,0.437345019967154,0.437296032909028,0.43602255340622,0.438129935354397,0.451865191443157,0.448794098664604,0.442703531748135,0.461665620126719,0.455598768680459,0.448000106273898,0.439976965303397,0.432267147582795,0.424839014309558,0.417555943494304,0.409208958056632,0.399111511153886,0.389134638806346,0.379213377870364,0.36987335245857,0.360709170828012,0.351841133258904,0.342412917547725,0.333336612293533,0.323319496503986,0.31398009243639,0.303529107456583,0.294666062842822,0.283391770510659,0.276774537495579,0.267458388031287,0.259139462110463,0.244331275077212,0.229346480428943,0.218172266514436,0.203535158263351,0.194489318521201,0.181404304099475,0.178450395174938,0.164858095358245,0.148300619686185,0.136822805416895,0.11735140715412,0.116261564725837,0.110758604319805,0.0877736806004176,0.0813780468513299,0.0803343046012844,0.0482781366213526,0.036354187727334,0.0386138031827484,0.0148653038157174,0.000531421933166889,4.31809526143094e-08,2.33200028889979e-13,2.72008866582717e-17,9.79282613984281e-66,0,0,0,0,0,0,0,0,0,0,0,0,0,0,0,0,0,0,0,0,0,0,0,0,0,0,0,0,0,0,0,0,0,0,0,0,0,0,0,0,0,0,0,0,0,0,0,0,0,0,0,0,0,0,0,0,0,0,0,0,0,0,0,0,0,0,0,0,0,0,0,0,0,0,0,0,0,0,0,0,0,0,0,0,0,0,0,0,0,0,0,0,0,0,0,0,0,0,0,0,0,0,0,0,0,0,0,0,0,0,0,0,0,0,0,0,0,0,0,0,0,0,0,0,0,0,0,0,0,0,0,0,0,0,0,0,0,0,0,0,0,0,0,0,0,0,0,0,0,0,0,0,0,0,0,0,0,0,0,0,0,0,0,0,0,0,0,0,0,0,0,0,0,0,0,0,0,0,0,0,0,0,0,0,0,0,0,0,0,0,0,0,0,0,0,0,0,0,0,0,0,0,0,0,0,0,0,0,0,0,0,0,0,0,0,0,0,0,0,0,0,0,0,0,0,0,0,0,0,0,0,0,0,0,0,0,0,0,0,0,0,0,0,0,0,0,0,0,0,0,0,0,0,0,0,0,0,0,0,0,0,0,0,0,0,0,0,0,0,0,0,0,0,0,0,0,0,0,0,0,0,0,0,0,0,0,0,0,0,0,0,0,0,0,0,0,0,0,0,0,0,0
0,0.00422041185839951,0.00779658560098022,0.0104488225376118,0.0129675192006276,0.015731550225129,0.0185464630795775,0.0214855824144096,0.0245500857261937,0.0278105027725144,0.0312334677813148,0.0345669108406178,0.0377290017555936,0.0406996994755374,0.043295876636786,0.0453977063301414,0.047341154413033,0.049596312856507,0.051986056880837,0.0542134469091702,0.0565593263664927,0.0593973495564341,0.0624283971149098,0.0652226189817385,0.0680367055631933,0.0710946892602637,0.0740210475207159,0.076899128654244,0.0799058579475055,0.0827976694823695,0.0856734861181817,0.0885410703173773,0.0913705361013801,0.0941018664302481,0.0967671651827478,0.0996740492505733,0.102893950105989,0.106182547049633,0.109245052909801,0.112048613834939,0.114779557224438,0.117379408678873,0.11987589392437,0.122350474430094,0.125015256800425,0.127987315575827,0.131246049352274,0.13452998545536,0.137690041145286,0.140633360191619,0.143273590485211,0.145750664797251,0.148306203374411,0.151211846647975,0.154474535356947,0.157839695454841,0.161027747859673,0.164012860828788,0.166747553607234,0.169404551604434,0.172215085719981,0.175380960945976,0.178588174826513,0.18146810682074,0.183846785712513,0.186142319131748,0.188749682933728,0.191990227386681,0.195571323519703,0.199082222527589,0.202056934695613,0.204601200368085,0.20703431326557,0.209925591328148,0.213353137180292,0.217128521451399,0.220683654564296,0.223861497914093,0.226601585741052,0.229185837225498,0.23162876644108,0.234048617118331,0.236472982590031,0.239325963040627,0.242782912562759,0.246757356100966,0.250665165621422,0.254167165932881,0.257232947421803,0.260241358080753,0.263254621520517,0.266152267916234,0.268762657989076,0.271504467842286,0.274495392612809,0.27784449993451,0.281093080526387,0.284393475591778,0.287642805414046,0.291310162249313,0.294824078859146,0.298109586822008,0.301070891598395,0.30437913385246,0.307833955158931,0.311368748879086,0.314946858519271,0.318732878987566,0.322307047993516,0.325284060312952,0.327954355399346,0.330856347091265,0.334193661973398,0.337661638745426,0.340853319644144,0.344031561465533,0.347041883961309,0.349862885906555,0.353156670150555,0.357918906838922,0.362147880374962,0.365700354784901,0.36840392406874,0.371362365382317,0.373863907320307,0.376347544275862,0.379554359586354,0.383493474284181,0.386283396411467,0.389646595361618,0.392797121868226,0.39560791785545,0.397758303838403,0.402115796654506,0.40535553911531,0.409169131574948,0.415666844727665,0.423275487009901,0.422168617888655,0.424919645527232,0.428812726578586,0.428860410984712,0.426286133779656,0.439917776522904,0.437517675559662,0.431334192735576,0.44891973973691,0.44535301291146,0.439337141856109,0.432597518035721,0.425356304555293,0.417318097969052,0.408745574286737,0.400786838415347,0.393353917256222,0.386629153631992,0.380244538930259,0.371776661801239,0.362842133726875,0.353034966750605,0.34456362811291,0.33534297255765,0.327219383624836,0.31784184463791,0.310368371673361,0.301366489927269,0.294048228089026,0.283373043526881,0.274069582515514,0.261069423173251,0.248796203736986,0.240167385792444,0.228024132190088,0.216978537716328,0.199255981841588,0.190779091256834,0.178594524182891,0.175232003068189,0.162630987570749,0.148089548412111,0.137859550752816,0.118735280077861,0.117727860219537,0.111878006411689,0.0877486373380924,0.0803904551272859,0.0817035418636077,0.0495061010581095,0.0364748781681662,0.0390376490112795,0.015167035363883,0.000546037555754699,4.54863128804572e-08,4.91788827480124e-12,5.33817400675378e-16,3.1534356726019e-48,0,0,0,0,0,0,0,0,0,0,0,0,0,0,0,0,0,0,0,0,0,0,0,0,0,0,0,0,0,0,0,0,0,0,0,0,0,0,0,0,0,0,0,0,0,0,0,0,0,0,0,0,0,0,0,0,0,0,0,0,0,0,0,0,0,0,0,0,0,0,0,0,0,0,0,0,0,0,0,0,0,0,0,0,0,0,0,0,0,0,0,0,0,0,0,0,0,0,0,0,0,0,0,0,0,0,0,0,0,0,0,0,0,0,0,0,0,0,0,0,0,0,0,0,0,0,0,0,0,0,0,0,0,0,0,0,0,0,0,0,0,0,0,0,0,0,0,0,0,0,0,0,0,0,0,0,0,0,0,0,0,0,0,0,0,0,0,0,0,0,0,0,0,0,0,0,0,0,0,0,0,0,0,0,0,0,0,0,0,0,0,0,0,0,0,0,0,0,0,0,0,0,0,0,0,0,0,0,0,0,0,0,0,0,0,0,0,0,0,0,0,0,0,0,0,0,0,0,0,0,0,0,0,0,0,0,0,0,0,0,0,0,0,0,0,0,0,0,0,0,0,0,0,0,0,0,0,0,0,0,0,0,0,0,0,0,0,0,0,0,0,0,0,0,0,0,0,0,0,0,0,0,0,0,0,0,0,0,0,0,0,0,0,0,0,0,0,0,0,0,0,0,0,0
0,0.00395893180214349,0.00731743023364854,0.00997139304120251,0.0126594075061088,0.0156783258589836,0.0186760921781611,0.021601562846518,0.0245231046557518,0.027583631909853,0.0308575279170225,0.0340724423630073,0.0370608069666564,0.0397941403457584,0.042161016767287,0.0440557355060532,0.0459945943738432,0.0484216019063882,0.0510049250611851,0.0534399168886823,0.0561152623388175,0.0593248297740225,0.0626090224622942,0.0655803330834453,0.0685083002514776,0.0715854603523023,0.0743785547189683,0.0769941786345539,0.0796189631858831,0.0820920980767324,0.0845886232499756,0.0873026410222722,0.0902087375849256,0.0932914303737329,0.0964103864221281,0.099790738536397,0.103336963727896,0.106723749516852,0.10960692447981,0.111985667358609,0.114116158200656,0.116162634201794,0.118361601990986,0.120944983920355,0.123997391716352,0.127411517771969,0.13092098117133,0.134159961120946,0.137041134377535,0.139594019987644,0.141974890939593,0.144474590659378,0.147346831415821,0.150691152746641,0.154296525528168,0.157614592782006,0.160499246411002,0.163058447704505,0.165614518995057,0.168311044993032,0.171440841254905,0.17479886868403,0.178036497848655,0.180531244585409,0.182558943764149,0.184622952188541,0.187459751554514,0.190996789669928,0.194867696058024,0.198300823913575,0.201140903582834,0.203494271424893,0.206067232830893,0.209184148622738,0.212945104032877,0.2167359445683,0.220198379773813,0.22311685052525,0.225792221579356,0.228218270426141,0.230562007514088,0.232774773191205,0.235276938347933,0.238376327942647,0.242249500529209,0.246352724907932,0.250166694253362,0.253436775187162,0.256533300477237,0.259669190488822,0.262835716422857,0.265667114349819,0.268301096570099,0.271059447612262,0.27428055544223,0.277465456710013,0.280669091780716,0.28364109184495,0.286925900656074,0.290332671234957,0.293819075468472,0.296843128768414,0.300046770110084,0.30353206062866,0.307366868290642,0.310973632785447,0.31459585693707,0.318252906797249,0.321727593885205,0.324576126555139,0.327392918995706,0.330922380176046,0.334954817679702,0.338109707216598,0.340933555135366,0.343468896271328,0.345938687137241,0.348282602049575,0.351459924116362,0.355593524151164,0.360357415585613,0.363517059506727,0.366582444042899,0.369062545810807,0.37117249875977,0.373462936160542,0.377351061981741,0.381175804428051,0.384372278830761,0.388585509196106,0.394249915960389,0.396234310650681,0.397433887016286,0.400804371584819,0.402931497196045,0.40525395681245,0.413046005246705,0.416507618936147,0.420853686057586,0.425448549090184,0.431323834126111,0.426321932376219,0.420113122393465,0.437691827982884,0.433907719877099,0.42812597093817,0.421865240373004,0.415082401990016,0.408145358798216,0.401086171846002,0.394311985282926,0.387834323061489,0.380587569524607,0.37377237774953,0.366360198663746,0.358332056192437,0.349908339447278,0.341459681182944,0.331852373142299,0.322753061812479,0.313434665647033,0.304870005465446,0.295274582715711,0.286418087617311,0.276390137297124,0.26772044535004,0.257256916375868,0.248183487762832,0.236734300621749,0.228524899830464,0.217066187097818,0.212049157520543,0.202257472905042,0.198203850701434,0.183308147669176,0.166803822329788,0.154743415228551,0.137150151838764,0.129322944737548,0.115405355852412,0.117651112952994,0.112882272918258,0.0884704396390732,0.0763399503532542,0.0569395245471135,0.0530362863907076,0.0623937311511379,0.0315301351084916,0.0166410768896712,0.0133216629855486,9.46982763024759e-07,1.02078838729085e-10,1.12611670796858e-14,1.35841387886106e-45,-9.09622847787655e-238,0,0,0,0,0,0,0,0,0,0,0,0,0,0,0,0,0,0,0,0,0,0,0,0,0,0,0,0,0,0,0,0,0,0,0,0,0,0,0,0,0,0,0,0,0,0,0,0,0,0,0,0,0,0,0,0,0,0,0,0,0,0,0,0,0,0,0,0,0,0,0,0,0,0,0,0,0,0,0,0,0,0,0,0,0,0,0,0,0,0,0,0,0,0,0,0,0,0,0,0,0,0,0,0,0,0,0,0,0,0,0,0,0,0,0,0,0,0,0,0,0,0,0,0,0,0,0,0,0,0,0,0,0,0,0,0,0,0,0,0,0,0,0,0,0,0,0,0,0,0,0,0,0,0,0,0,0,0,0,0,0,0,0,0,0,0,0,0,0,0,0,0,0,0,0,0,0,0,0,0,0,0,0,0,0,0,0,0,0,0,0,0,0,0,0,0,0,0,0,0,0,0,0,0,0,0,0,0,0,0,0,0,0,0,0,0,0,0,0,0,0,0,0,0,0,0,0,0,0,0,0,0,0,0,0,0,0,0,0,0,0,0,0,0,0,0,0,0,0,0,0,0,0,0,0,0,0,0,0,0,0,0,0,0,0,0,0,0,0,0,0,0,0,0,0,0,0,0,0,0,0,0,0,0,0,0,0,0,0,0,0,0,0,0,0,0,0,0,0,0,0,0,0,0,0
0,0.00366224656216549,0.00681200921369893,0.00947948947262546,0.0122573867817287,0.0153769602467567,0.0183918277821289,0.0211783476180789,0.023841646172191,0.0265933386021852,0.0296199788123568,0.0327257932743653,0.035621814766936,0.0382778117174316,0.0406437778245028,0.0426307857107516,0.0448407018203005,0.0476537456697469,0.050555488571855,0.0532639491546988,0.0562675915185564,0.0597778983964539,0.0631961404345223,0.0661711135633089,0.0689733337293631,0.0717652333175469,0.0742017045744131,0.076432232038923,0.0787541820204919,0.080992618654421,0.0834202095153849,0.0862482917449221,0.0895148140651312,0.0930968075127119,0.0967406028866128,0.10039129735833,0.103937564932592,0.106969947976072,0.109382291298941,0.111257267910309,0.113014308779577,0.114861282990905,0.117159601819478,0.120122980946565,0.12367724213127,0.127414124404202,0.130884465997705,0.133744573318641,0.136136393716353,0.138313088617769,0.140645601897819,0.143496164643419,0.146850676536387,0.150646403221285,0.154318307289343,0.157352731320088,0.159688921288944,0.161926058898175,0.164383038851259,0.167425465121556,0.170829153077573,0.174436251435251,0.177409266032763,0.179614151918233,0.181267551513543,0.183461542719389,0.18646199128014,0.190278683991196,0.194001010420558,0.197287367384021,0.199920126064524,0.202483282181517,0.205349231672691,0.208885421919002,0.212651299673397,0.216269473871701,0.219264666368833,0.22201060241951,0.224574853906595,0.227079948644702,0.229248961090877,0.231402956278716,0.233940443045859,0.237472861671824,0.241713321978935,0.245958177257127,0.249458436693051,0.252447204896002,0.255487402745976,0.258964436535771,0.262418677304524,0.265537812548288,0.268292706600595,0.271368369625982,0.27453199315317,0.277616813974753,0.28017690881028,0.28300024692793,0.286007448086432,0.289458908216467,0.292632560858705,0.295794044644834,0.299263568718746,0.303382676919803,0.307169094810097,0.310523210486158,0.313772362642934,0.317455276760248,0.320578367194241,0.323403450557227,0.326450030142296,0.330703788184003,0.334874134760644,0.338490661072193,0.340554206062768,0.343124739676504,0.345172657573331,0.347230647887413,0.350020859733318,0.354245807851271,0.358710514438828,0.362738280997261,0.364920221240444,0.367737623239711,0.369224399082078,0.371986445702885,0.375769443188269,0.38035394377985,0.383331906052783,0.387080410280915,0.392957823157052,0.393278779449466,0.397054356739469,0.403583395478601,0.405969124373125,0.403788812434807,0.409197894017206,0.40727804612362,0.415015837554126,0.429286773553998,0.428471186246684,0.425010749709468,0.419359210340277,0.413103029418964,0.406496321571516,0.400214995205311,0.394269376951625,0.387573864610685,0.380732363904052,0.373257516184141,0.365589744883166,0.358207812485382,0.35174301835625,0.345408123955598,0.33893075210555,0.331986013026877,0.323557331170123,0.316351649279968,0.307358940997156,0.299878122554063,0.291003833805763,0.283851021033583,0.274307755031445,0.266309229639572,0.255024478374233,0.246227890185448,0.233935118176585,0.225629185586502,0.213638348303471,0.208217304578405,0.198804707985051,0.194779110562659,0.183099444173722,0.17039964685756,0.159661748133475,0.13796205296378,0.12729730283885,0.11308851852324,0.116653866660467,0.11328664148195,0.0893780191029382,0.0773023766435643,0.0576439667233079,0.0536059715759358,0.0615073361888332,0.0314263596653744,0.0183368949992089,0.0135944180418003,1.1413582963533e-06,1.03587724505497e-10,1.14311726851269e-14,8.919556900167e-31,-3.93765383007974e-197,0,0,0,0,0,0,0,0,0,0,0,0,0,0,0,0,0,0,0,0,0,0,0,0,0,0,0,0,0,0,0,0,0,0,0,0,0,0,0,0,0,0,0,0,0,0,0,0,0,0,0,0,0,0,0,0,0,0,0,0,0,0,0,0,0,0,0,0,0,0,0,0,0,0,0,0,0,0,0,0,0,0,0,0,0,0,0,0,0,0,0,0,0,0,0,0,0,0,0,0,0,0,0,0,0,0,0,0,0,0,0,0,0,0,0,0,0,0,0,0,0,0,0,0,0,0,0,0,0,0,0,0,0,0,0,0,0,0,0,0,0,0,0,0,0,0,0,0,0,0,0,0,0,0,0,0,0,0,0,0,0,0,0,0,0,0,0,0,0,0,0,0,0,0,0,0,0,0,0,0,0,0,0,0,0,0,0,0,0,0,0,0,0,0,0,0,0,0,0,0,0,0,0,0,0,0,0,0,0,0,0,0,0,0,0,0,0,0,0,0,0,0,0,0,0,0,0,0,0,0,0,0,0,0,0,0,0,0,0,0,0,0,0,0,0,0,0,0,0,0,0,0,0,0,0,0,0,0,0,0,0,0,0,0,0,0,0,0,0,0,0,0,0,0,0,0,0,0,0,0,0,0,0,0,0,0,0,0,0,0,0,0,0,0,0,0,0,0,0,0,0,0,0,0,0,0,0
0,0.00354766784939514,0.00664944623967776,0.00932502029098351,0.012062130221773,0.0150364698533586,0.0178785372996714,0.0203985075311024,0.022786824991606,0.025213802585139,0.0280249742499537,0.031128070810199,0.034124044708562,0.0369290052172772,0.0395677151883216,0.041908123923181,0.0445844877943951,0.0478526477550066,0.0510722300337157,0.0539450393940366,0.0570488053342351,0.0605239766185371,0.0636945165101944,0.0663304198988744,0.068686726670133,0.0709894439336371,0.0730381222067343,0.0751309375360417,0.0775402418453512,0.0801082867855974,0.0829014435770082,0.0862048440014026,0.0898622323903207,0.0938366668660379,0.0975877811445414,0.101047956239606,0.104014208694175,0.106362653820464,0.108171585206973,0.109868417243345,0.111774336281213,0.114060460841519,0.116838571139904,0.120260949630785,0.124004497866019,0.127603167547314,0.130601189194774,0.132924484811524,0.134951129629619,0.137051557807359,0.139720067050496,0.143099556825454,0.146928955010288,0.150789573899168,0.154226619449837,0.156660159035848,0.158631499740762,0.160657941337811,0.163414191116478,0.166649381042438,0.170355881835907,0.173699815315902,0.176520482757268,0.178359644211976,0.180268201599101,0.182670613624493,0.18609065022774,0.189662707989225,0.193025889113753,0.195753571865986,0.198451595889109,0.201352439234449,0.204888592718592,0.208669667065486,0.212394807933373,0.215524546338174,0.218241268016763,0.220832560357175,0.223631385231107,0.226063205470825,0.228128310155463,0.230006391448552,0.232724652796431,0.236597600345908,0.241251519803469,0.245419185930682,0.248593238849344,0.251158262571035,0.254295969938388,0.258127939320332,0.26215769251451,0.265486121792802,0.268575125744673,0.271721771057194,0.275072789503351,0.277504155466874,0.279693126608349,0.281988722088287,0.285256406172442,0.288609200137747,0.291893181315204,0.295059249428251,0.299025345566928,0.303293153556508,0.307080418270752,0.309808710445477,0.312898286934157,0.316469847807367,0.319932395245421,0.321925816479483,0.325083011874284,0.329183609393053,0.333536612182825,0.336395196386266,0.34024311802441,0.342587735938813,0.345323740755524,0.346571851364508,0.34958591413219,0.355543877536821,0.360342386515834,0.362652605710512,0.365615780700115,0.368392611354327,0.371287262526251,0.372120484043118,0.379460377340884,0.3828613409797,0.382040771986399,0.384758664917535,0.385746601473305,0.388357119396611,0.388326423413652,0.402876137557596,0.403435970074574,0.396133955234447,0.412028824953539,0.415539612108637,0.412985969574031,0.409316652726802,0.404575081522157,0.398610096226637,0.392327639627122,0.385990876664713,0.379167478449221,0.372235099582143,0.365284357300997,0.358838020410378,0.352503780824067,0.346250036863137,0.340285764238029,0.333741254826947,0.328482307755918,0.322014362655007,0.3141166626608,0.304473566425069,0.295945833559032,0.287113674352316,0.278957771171254,0.269873769083805,0.26264064642513,0.25368401362931,0.245891594835151,0.234985576913465,0.225741951992789,0.213484216254784,0.204553280797089,0.192409891537989,0.183697252326132,0.171108143561299,0.164009244088497,0.15239806585888,0.148241257288977,0.134988772813782,0.129101943198079,0.113124061145776,0.115475340856846,0.113237476287362,0.0900459903415445,0.0781923781065081,0.0583366943934378,0.0542997432311078,0.0622297391405547,0.0318174845961618,0.0185596425341991,0.0137501005182169,2.43275403696251e-05,2.18479105814051e-09,1.18187853232312e-14,9.05159509377399e-31,4.0813308404998e-79,0,0,0,0,0,0,0,0,0,0,0,0,0,0,0,0,0,0,0,0,0,0,0,0,0,0,0,0,0,0,0,0,0,0,0,0,0,0,0,0,0,0,0,0,0,0,0,0,0,0,0,0,0,0,0,0,0,0,0,0,0,0,0,0,0,0,0,0,0,0,0,0,0,0,0,0,0,0,0,0,0,0,0,0,0,0,0,0,0,0,0,0,0,0,0,0,0,0,0,0,0,0,0,0,0,0,0,0,0,0,0,0,0,0,0,0,0,0,0,0,0,0,0,0,0,0,0,0,0,0,0,0,0,0,0,0,0,0,0,0,0,0,0,0,0,0,0,0,0,0,0,0,0,0,0,0,0,0,0,0,0,0,0,0,0,0,0,0,0,0,0,0,0,0,0,0,0,0,0,0,0,0,0,0,0,0,0,0,0,0,0,0,0,0,0,0,0,0,0,0,0,0,0,0,0,0,0,0,0,0,0,0,0,0,0,0,0,0,0,0,0,0,0,0,0,0,0,0,0,0,0,0,0,0,0,0,0,0,0,0,0,0,0,0,0,0,0,0,0,0,0,0,0,0,0,0,0,0,0,0,0,0,0,0,0,0,0,0,0,0,0,0,0,0,0,0,0,0,0,0,0,0,0,0,0,0,0,0,0,0,0,0,0,0,0,0,0,0,0,0,0,0,0,0,0,0,0,0,0
0,0.00377667497783552,0.00703060633362518,0.00978289192651705,0.0124058586323477,0.0151690341621548,0.0177847252113831,0.0201292011157564,0.0223745642053033,0.024642383605512,0.0273379727170988,0.0305512146977842,0.0337040304158118,0.036707020738142,0.0396092878246183,0.0422832401743522,0.0452690515612212,0.0487726349979259,0.0520592286285633,0.0548283356293745,0.0576714929374018,0.0606965722872615,0.0632853682499551,0.0654176530634803,0.0673633321441608,0.0693500866949507,0.0713971785294753,0.0737483690341954,0.0767477094123811,0.0800072792457047,0.0835132159480964,0.0872594473344617,0.0911284585384024,0.0948800146503274,0.0982142890625393,0.100875900589161,0.103102497510909,0.104763304648049,0.10639374585658,0.10835507192936,0.111010724194257,0.114060497281338,0.117443329503963,0.120964214248377,0.124341729214496,0.127202266431369,0.129536928208449,0.131537576494714,0.133712581542663,0.136257494815627,0.139515960971977,0.143423452858667,0.1472727654482,0.150810384265339,0.15355686155944,0.155635255908108,0.157429703653575,0.15990343463945,0.162846992217708,0.166415328389187,0.169651298641675,0.172716990735199,0.174939476341669,0.177162408043206,0.17946328523452,0.18274011913655,0.186134153216905,0.18939625317993,0.19177474013641,0.194055681650895,0.196703799714786,0.200283176144007,0.204312951699031,0.208308473613468,0.211659699525569,0.214542811416224,0.21712783495626,0.220102262395608,0.223026189843996,0.225430677363921,0.226978243484933,0.228788124547281,0.231624624728039,0.23601147929811,0.240732439031666,0.244717228899754,0.247398537858234,0.24995421905432,0.253374145752887,0.257975157372088,0.262275062206049,0.265721064336204,0.268417460241745,0.271806603241498,0.275009964453712,0.277516175647056,0.278899190908676,0.281427382036048,0.28498946668987,0.288807414133732,0.291603344824157,0.29449708350695,0.298475511355269,0.30289780284954,0.305757096979678,0.308143529812398,0.311119279324917,0.314995334253071,0.317708345856607,0.320256993229385,0.322223433730529,0.326588186084879,0.330532976545019,0.334185364642388,0.337443179668337,0.344124697028135,0.345913456907996,0.347072544642386,0.349635090814097,0.355889354184819,0.361345719399543,0.362335624924771,0.365533216556017,0.36921175902084,0.369468159905854,0.373389523370858,0.378781284940552,0.38302984205849,0.381080137072254,0.384489245992099,0.392637297449108,0.389279596396363,0.385973286557518,0.405115248114222,0.401626463600927,0.398105706242047,0.394112480053389,0.390380872081143,0.387348744040952,0.384220972472377,0.380355985971221,0.374699617996009,0.367974800115205,0.360770667426116,0.354204793752433,0.348333134939813,0.341314554835386,0.33501540493003,0.328032296385871,0.320473561813939,0.312717769978413,0.30631438367816,0.299971459679364,0.294385904483275,0.288215247724839,0.279459969161225,0.273066162378719,0.264765880136501,0.25692621825115,0.246428564250242,0.239748973212291,0.229774729315363,0.222909909688982,0.211096558807883,0.203371999311816,0.190806924714589,0.18398359471546,0.170771232152404,0.164517753425361,0.150406206614838,0.144403905404178,0.133496984803178,0.13782946840803,0.131363619065525,0.110567174655496,0.0955749973622324,0.0762874337177482,0.0737036088079309,0.0581339458976179,0.0549122765228501,0.062945895339484,0.0322068377435733,0.0188053417376383,0.0139148814280054,2.47326330377353e-05,2.21849372744148e-09,2.44685606632125e-13,2.72008866582736e-17,1.33658759804872e-65,0,0,0,0,0,0,0,0,0,0,0,0,0,0,0,0,0,0,0,0,0,0,0,0,0,0,0,0,0,0,0,0,0,0,0,0,0,0,0,0,0,0,0,0,0,0,0,0,0,0,0,0,0,0,0,0,0,0,0,0,0,0,0,0,0,0,0,0,0,0,0,0,0,0,0,0,0,0,0,0,0,0,0,0,0,0,0,0,0,0,0,0,0,0,0,0,0,0,0,0,0,0,0,0,0,0,0,0,0,0,0,0,0,0,0,0,0,0,0,0,0,0,0,0,0,0,0,0,0,0,0,0,0,0,0,0,0,0,0,0,0,0,0,0,0,0,0,0,0,0,0,0,0,0,0,0,0,0,0,0,0,0,0,0,0,0,0,0,0,0,0,0,0,0,0,0,0,0,0,0,0,0,0,0,0,0,0,0,0,0,0,0,0,0,0,0,0,0,0,0,0,0,0,0,0,0,0,0,0,0,0,0,0,0,0,0,0,0,0,0,0,0,0,0,0,0,0,0,0,0,0,0,0,0,0,0,0,0,0,0,0,0,0,0,0,0,0,0,0,0,0,0,0,0,0,0,0,0,0,0,0,0,0,0,0,0,0,0,0,0,0,0,0,0,0,0,0,0,0,0,0,0,0,0,0,0,0,0,0,0,0,0,0,0,0,0,0,0,0,0,0,0,0,0,0,0,0,0,0,0,0
0,0.00425706119425299,0.00783572682531281,0.0107495802802438,0.0134238046385619,0.0160880145948887,0.0187107138588207,0.0210869728848614,0.0234478239777402,0.0256595283368279,0.0282451829679782,0.0314112317887764,0.034525706579533,0.0374615337419424,0.0403565445020996,0.0430332847307756,0.045913832998088,0.0491551641971954,0.0521404689840365,0.0545365492330477,0.0569742053794114,0.0595124431758617,0.0616964663545752,0.0637212410519373,0.0657535432951316,0.0679859079524259,0.0704946367137313,0.0734457304635145,0.0770315754661465,0.0809683423748633,0.0848403327642731,0.0887488158428567,0.0921678366441991,0.0952651552699692,0.0976720557029056,0.0996219665563565,0.101250086447175,0.102888600891946,0.104792716019405,0.107580846355114,0.11104186217924,0.114793421922546,0.118257458487771,0.121399337124684,0.123835748174508,0.125841490962848,0.127672871668278,0.129948226022712,0.13287489337532,0.13629288843836,0.140199934652168,0.144170447291975,0.147595295031313,0.150199972074779,0.152410752618453,0.154225278355784,0.156734476872113,0.159628955303308,0.163175221771621,0.166205708841598,0.169084190426427,0.171064359030807,0.173383271281929,0.175782511069315,0.179395897814728,0.183105812566531,0.186719783917911,0.188976945742466,0.190665562697908,0.192421336360381,0.195496365231983,0.199572862967238,0.203980844104398,0.207618801278916,0.210488799268341,0.21314033896701,0.216213928717654,0.219572239538221,0.222756171855928,0.224550612451026,0.225850711059848,0.22761835421928,0.231130188485898,0.23565681205841,0.240237441487106,0.243377491201036,0.245783535445055,0.248466090004889,0.252892338561204,0.257996212337499,0.262437448966197,0.265055347958589,0.267621403741051,0.27070391013039,0.274322383463104,0.27644013435064,0.278309064638039,0.280970199109115,0.285423460534406,0.289206642882805,0.291532455445262,0.293804761547106,0.297758168511488,0.302067635788052,0.304798565799187,0.305897334700905,0.308946812148303,0.313165935512473,0.316035815947742,0.316496293072444,0.320191461411598,0.324672156432768,0.328566141025263,0.329722986715813,0.334220004051555,0.339289158646815,0.344434939870247,0.343508458921226,0.348752995023954,0.354185870742927,0.357926048432402,0.360042740421511,0.36206091044347,0.367059713949794,0.367530904808601,0.372236258947073,0.379025446503237,0.38122600230595,0.375835270132615,0.392232952095622,0.393759800402633,0.392551785443576,0.388517629313077,0.383673274715866,0.378750611317558,0.37422618059192,0.369539803713841,0.365039772391049,0.361427660706878,0.358151881020649,0.354498247475626,0.349574266408147,0.343790759513929,0.336177969175736,0.329080534815781,0.322544760148867,0.315814814752798,0.309284343069802,0.3036444853651,0.298306268783934,0.29159186617532,0.284992535832598,0.27536130078836,0.266254795151359,0.25586059575371,0.248157341331419,0.240597962166438,0.235355694203747,0.230387809797038,0.220854972144838,0.215293691898121,0.205894637108517,0.200748618827227,0.190727141415585,0.186438247632497,0.177913469284738,0.176254895318907,0.164957301128761,0.14981505758257,0.137276414668737,0.117120854122574,0.108142231682176,0.0946750232355601,0.0930842837015412,0.0772335630323964,0.071561627038904,0.0560640270655732,0.0550414409987916,0.0636200195950162,0.0325929011955806,0.0190502322145378,0.0140788311779916,2.51386954552402e-05,2.24978443982603e-09,2.4815712067279e-13,2.72008866586406e-17,1.17274413336715e-61,0,0,0,0,0,0,0,0,0,0,0,0,0,0,0,0,0,0,0,0,0,0,0,0,0,0,0,0,0,0,0,0,0,0,0,0,0,0,0,0,0,0,0,0,0,0,0,0,0,0,0,0,0,0,0,0,0,0,0,0,0,0,0,0,0,0,0,0,0,0,0,0,0,0,0,0,0,0,0,0,0,0,0,0,0,0,0,0,0,0,0,0,0,0,0,0,0,0,0,0,0,0,0,0,0,0,0,0,0,0,0,0,0,0,0,0,0,0,0,0,0,0,0,0,0,0,0,0,0,0,0,0,0,0,0,0,0,0,0,0,0,0,0,0,0,0,0,0,0,0,0,0,0,0,0,0,0,0,0,0,0,0,0,0,0,0,0,0,0,0,0,0,0,0,0,0,0,0,0,0,0,0,0,0,0,0,0,0,0,0,0,0,0,0,0,0,0,0,0,0,0,0,0,0,0,0,0,0,0,0,0,0,0,0,0,0,0,0,0,0,0,0,0,0,0,0,0,0,0,0,0,0,0,0,0,0,0,0,0,0,0,0,0,0,0,0,0,0,0,0,0,0,0,0,0,0,0,0,0,0,0,0,0,0,0,0,0,0,0,0,0,0,0,0,0,0,0,0,0,0,0,0,0,0,0,0,0,0,0,0,0,0,0,0,0,0,0,0,0,0,0,0,0,0,0,0,0,0,0,0,0,0,0
0,0.00467027867479697,0.0084520804277108,0.0116159313439409,0.0144457132625264,0.0172742197355322,0.0200744920495052,0.0227300025075978,0.0252829026447003,0.0274646225772853,0.0297276667971893,0.032550659994423,0.0352863823656366,0.0378925759910135,0.0404992807419113,0.0428991915482778,0.0452874314416137,0.0479265583503178,0.0504601669390166,0.0526575011470481,0.0550533600333725,0.0576396661388783,0.0600510032918383,0.0626130319299026,0.0652466958592503,0.0680813004641172,0.0712984362195211,0.0747261732746461,0.0785565071516204,0.0823835586358126,0.0859801882655328,0.0891814019367653,0.0918903941824912,0.0940694840604599,0.0960912351861268,0.0977182341487767,0.0996070926831737,0.10159869035263,0.104347299823572,0.107807035699952,0.111847597154098,0.115442500255617,0.118425145774081,0.120634299183229,0.122333307280742,0.12380515815586,0.125797193318269,0.128708948225479,0.132729485916634,0.137000326349916,0.141172414182941,0.144728768249255,0.147135925799715,0.149072985342161,0.150749873123875,0.153202371247485,0.156237889873305,0.160169975395062,0.163319489367059,0.166173226867107,0.16773541387784,0.169701117937342,0.171615164650003,0.175199897738145,0.179233321624065,0.183777438936763,0.186700404621491,0.188486068863961,0.189446661918506,0.191578000668584,0.195202471464484,0.199922881863602,0.204116486610368,0.206951046208012,0.208955716495582,0.211643792296374,0.215238615932594,0.219280253743943,0.222046131788704,0.2235281760138,0.224442183868853,0.227005109896369,0.230916925513764,0.235729844129196,0.239329116904875,0.241755387558327,0.243670653525441,0.247458841401197,0.252610611754691,0.258174972880063,0.261865799461623,0.264175417243951,0.266189847756928,0.269698994359392,0.272990503223896,0.275515679548262,0.277355514131136,0.28134907959731,0.286277793286242,0.289490421637526,0.290516304677027,0.292747935041182,0.297384193663148,0.301349663391182,0.302748864681711,0.304955396109712,0.308879824991118,0.314136768495333,0.316014185897946,0.315212648508403,0.317422314504441,0.324503158938502,0.325115407935751,0.32509886635234,0.329314663869549,0.335116116207259,0.336855307392422,0.340342061600995,0.344442128575317,0.35795327881973,0.359839369089639,0.359382083726904,0.360284337947757,0.3660747995516,0.366797820920703,0.359682587420422,0.381320268389565,0.380029421451049,0.37839396646117,0.375945518832146,0.372770788362732,0.368931123154192,0.364474114485799,0.359748774252743,0.355012753424864,0.350546237933692,0.34616764507575,0.34122431449501,0.335992432679001,0.330537934222655,0.325905286102566,0.321524775167203,0.316385174744179,0.309693329962798,0.30166603509359,0.2945362217572,0.288740550217986,0.282119223205442,0.276122855989649,0.270091227732247,0.265786081238633,0.261878677883729,0.253905346562947,0.246547050792074,0.237036955792448,0.231498706402905,0.223696894056674,0.216142729103493,0.205695481903582,0.198602922666772,0.188321048083499,0.182032401587737,0.17118984439769,0.164461110175157,0.152258611627788,0.146541128481367,0.135072686467319,0.13128431539201,0.115732005808101,0.109355318891721,0.0943011835304927,0.0897066287602542,0.0742145804886347,0.0773085026760259,0.0839269543918123,0.0519351453764744,0.0375097819237632,0.0273667328476946,0.0189911936043398,0.0142418371917087,2.55454110555924e-05,2.28102632750863e-09,2.51625234614188e-13,2.7200886658651e-17,1.22318850388753e-61,0,0,0,0,0,0,0,0,0,0,0,0,0,0,0,0,0,0,0,0,0,0,0,0,0,0,0,0,0,0,0,0,0,0,0,0,0,0,0,0,0,0,0,0,0,0,0,0,0,0,0,0,0,0,0,0,0,0,0,0,0,0,0,0,0,0,0,0,0,0,0,0,0,0,0,0,0,0,0,0,0,0,0,0,0,0,0,0,0,0,0,0,0,0,0,0,0,0,0,0,0,0,0,0,0,0,0,0,0,0,0,0,0,0,0,0,0,0,0,0,0,0,0,0,0,0,0,0,0,0,0,0,0,0,0,0,0,0,0,0,0,0,0,0,0,0,0,0,0,0,0,0,0,0,0,0,0,0,0,0,0,0,0,0,0,0,0,0,0,0,0,0,0,0,0,0,0,0,0,0,0,0,0,0,0,0,0,0,0,0,0,0,0,0,0,0,0,0,0,0,0,0,0,0,0,0,0,0,0,0,0,0,0,0,0,0,0,0,0,0,0,0,0,0,0,0,0,0,0,0,0,0,0,0,0,0,0,0,0,0,0,0,0,0,0,0,0,0,0,0,0,0,0,0,0,0,0,0,0,0,0,0,0,0,0,0,0,0,0,0,0,0,0,0,0,0,0,0,0,0,0,0,0,0,0,0,0,0,0,0,0,0,0,0,0,0,0,0,0,0,0,0,0,0,0,0,0,0,0,0,0,0,0,0,0
0,0.00470122771159905,0.00847635299158716,0.0117250005474967,0.0148395790486711,0.0178945477874668,0.0210298163792745,0.023889104374305,0.026611398895984,0.0286707797365713,0.0305340946738654,0.0328213290039719,0.0350496866596554,0.0372486153990834,0.039561330997892,0.0416800883388938,0.0436037727433505,0.0457552736132803,0.0482106018144061,0.0507504149285577,0.0537533213729335,0.0568861748611103,0.0599454983423773,0.0631897797596867,0.0663663429102832,0.0695904649855634,0.0731944644104376,0.0767238000935525,0.080033130401558,0.0831043246496968,0.0855628511878977,0.0878827751114562,0.0897697466985885,0.0918784064487582,0.0941163024880975,0.0965544569731598,0.099030569110731,0.101957676244729,0.105159773473026,0.108982907562586,0.112487264207238,0.115340639959574,0.117178101080241,0.118860045653845,0.120322300158686,0.122287014176333,0.124754130307926,0.128493310512679,0.133088019116729,0.137655374213287,0.141436132756925,0.144023001138468,0.145753249871404,0.147194705520822,0.149507685020484,0.152417486149949,0.156657059366154,0.160224686059154,0.163394039787086,0.16479353788929,0.166611097380842,0.16800749312615,0.171168873938635,0.17478761664536,0.179748527144026,0.183430032760972,0.18612790465405,0.187185514261017,0.188719268600424,0.191474699545883,0.19611122889569,0.200946334458673,0.20449220263797,0.206206604802387,0.207626269871677,0.210404164655958,0.2147819139399,0.218642461841479,0.221299873294919,0.222097160991413,0.223669743971115,0.226618406162593,0.2312240249316,0.235262968832905,0.237955814210811,0.239207351460902,0.242066380600077,0.246865903091551,0.253155449234733,0.257696933556016,0.260351331470451,0.262291888233416,0.265622024426492,0.26897972405521,0.271737408602265,0.273695434163281,0.277224197053513,0.281686930004544,0.28549788915279,0.287453368486552,0.288767187669882,0.291150452755526,0.295772553938172,0.300007368081527,0.301066122444386,0.303392931112544,0.310600834162124,0.31502038580359,0.315104539226392,0.315199243256144,0.317893973999173,0.32080358848094,0.324236643609197,0.321841897573295,0.325721553670929,0.337271354352286,0.339195593196999,0.340000960766864,0.343100190270363,0.3506223937337,0.356171184238162,0.347264645164686,0.36266754206261,0.366956906732223,0.365029335133393,0.362640802633988,0.359434812806474,0.356320021487096,0.354202290563547,0.351909185542865,0.348691369641152,0.345029821464767,0.341178086667069,0.337863284770664,0.333704039743683,0.328630366467069,0.323339701769836,0.318392694555029,0.313440049365826,0.307489434146991,0.301665362099816,0.29570303965299,0.290572495296915,0.285429155473515,0.277562606114476,0.269553481257172,0.262461179371446,0.257833918369077,0.254232532455855,0.248651242095769,0.242828432864957,0.234627874512369,0.227172662482576,0.216492749697967,0.208572056914142,0.200039816955339,0.195448126781919,0.189944381935852,0.178906071942191,0.174896225675028,0.166399717279324,0.16315239041002,0.151718627584693,0.146256379452525,0.132084197918034,0.12697900037127,0.112566044619212,0.109418671444029,0.0948279243007341,0.0990282044964286,0.10171827691598,0.0727145604736461,0.0576859603531894,0.0429028451985526,0.0384177794751556,0.0280024326482283,0.017630311744746,0.0142823821146046,2.59524324966832e-05,2.31219618547437e-09,2.55089948455536e-13,2.7200886658664e-17,1.26938536430407e-61,0,0,0,0,0,0,0,0,0,0,0,0,0,0,0,0,0,0,0,0,0,0,0,0,0,0,0,0,0,0,0,0,0,0,0,0,0,0,0,0,0,0,0,0,0,0,0,0,0,0,0,0,0,0,0,0,0,0,0,0,0,0,0,0,0,0,0,0,0,0,0,0,0,0,0,0,0,0,0,0,0,0,0,0,0,0,0,0,0,0,0,0,0,0,0,0,0,0,0,0,0,0,0,0,0,0,0,0,0,0,0,0,0,0,0,0,0,0,0,0,0,0,0,0,0,0,0,0,0,0,0,0,0,0,0,0,0,0,0,0,0,0,0,0,0,0,0,0,0,0,0,0,0,0,0,0,0,0,0,0,0,0,0,0,0,0,0,0,0,0,0,0,0,0,0,0,0,0,0,0,0,0,0,0,0,0,0,0,0,0,0,0,0,0,0,0,0,0,0,0,0,0,0,0,0,0,0,0,0,0,0,0,0,0,0,0,0,0,0,0,0,0,0,0,0,0,0,0,0,0,0,0,0,0,0,0,0,0,0,0,0,0,0,0,0,0,0,0,0,0,0,0,0,0,0,0,0,0,0,0,0,0,0,0,0,0,0,0,0,0,0,0,0,0,0,0,0,0,0,0,0,0,0,0,0,0,0,0,0,0,0,0,0,0,0,0,0,0,0,0,0,0,0,0,0,0,0,0,0,0,0,0,0,0,0,0,0
0,0.00463421074028307,0.00828895851835009,0.0116746820892481,0.0149491126943204,0.0183032405237274,0.0215653706557815,0.0244664714430882,0.0270015881856353,0.0288867371756886,0.0304044196279976,0.0322814228747801,0.0340906543495566,0.0359970330841375,0.0382208353714428,0.0403511322946076,0.0421972122291827,0.0442811608308043,0.0470352904847982,0.050304418241715,0.0540809021238609,0.057791847543609,0.0612489925917245,0.0648691603518257,0.0680561582982188,0.0710117759435499,0.0742735309038843,0.0772488633093852,0.0797672589773516,0.0819072915933676,0.0837312058768646,0.0854470473461576,0.0874796441427774,0.0898660625654281,0.0932385253486076,0.0965413931841018,0.100144746090354,0.103431681784637,0.106792964450814,0.109678188318435,0.112214908290456,0.113767136380855,0.115176996464905,0.116799825142629,0.119212860138615,0.121997200807607,0.12543077153169,0.129384292432035,0.133789567972207,0.137425605572807,0.140210943213705,0.142162978693116,0.143720283091389,0.145989790986582,0.148755356029461,0.152990675633396,0.156890852612374,0.16054415713818,0.161884293891771,0.163573072774165,0.164717450381455,0.167845429007022,0.171007501812095,0.175941042169764,0.179751197760499,0.182976264940972,0.184199611062636,0.18588698193577,0.188203388162331,0.192429949523889,0.197399301230681,0.201790246614143,0.204230901872546,0.205374111257677,0.206934354826035,0.210497566626465,0.214744416687026,0.21865770405261,0.220176123539169,0.221485538403861,0.223234491559517,0.227361822404619,0.231662711725962,0.234531336875434,0.235357968656171,0.236954717913788,0.24093304010529,0.247766560722466,0.253482336681603,0.25681373913264,0.258461399409045,0.261186432248219,0.265106878845027,0.269029903769868,0.270972910554997,0.272773782227227,0.276205906524953,0.281428685055581,0.284675628664119,0.284314656135599,0.284987353160379,0.290815321591901,0.296257465159838,0.297623045529861,0.299976094324177,0.303926831542348,0.310435974297978,0.317016094023309,0.314611318264119,0.313457289351891,0.321561905292488,0.327805717353043,0.323830000113867,0.32436030565698,0.325812029735095,0.33250583378312,0.337457366541007,0.329358479212169,0.346531727005776,0.352967348929603,0.352580342411063,0.350982144278838,0.348500678118863,0.345796154945203,0.342862375754011,0.339490389678124,0.335598836242006,0.331769771208793,0.329193709862913,0.326190782959112,0.32199015155569,0.318358986961697,0.315683797629701,0.313988303386523,0.311279658429745,0.307187761432835,0.301865971359559,0.296174422880431,0.290073389857416,0.284838731504787,0.28002915728449,0.273869572177979,0.267513543860776,0.260645367881384,0.254047407508394,0.247210130057567,0.239288749979257,0.232800268586547,0.226258652198251,0.222973213849785,0.219477788727974,0.2121416024524,0.208157816502404,0.200618043482938,0.194880066308397,0.184618497565948,0.178485677626309,0.167822138648947,0.161868877921961,0.151322481748977,0.146109022740364,0.133921960588591,0.12828870886604,0.115163605352837,0.109494925392905,0.0957729844417837,0.0910321103086516,0.0771268298857391,0.0729852002835592,0.0597506658683626,0.0581724730531942,0.0436295932668697,0.0364803253926171,0.0278071007852101,0.0178452774536283,0.0144543923111024,1.24120245510633e-06,2.34105474418295e-09,2.58537661752818e-13,2.72008866586746e-17,1.33553784701541e-61,0,0,0,0,0,0,0,0,0,0,0,0,0,0,0,0,0,0,0,0,0,0,0,0,0,0,0,0,0,0,0,0,0,0,0,0,0,0,0,0,0,0,0,0,0,0,0,0,0,0,0,0,0,0,0,0,0,0,0,0,0,0,0,0,0,0,0,0,0,0,0,0,0,0,0,0,0,0,0,0,0,0,0,0,0,0,0,0,0,0,0,0,0,0,0,0,0,0,0,0,0,0,0,0,0,0,0,0,0,0,0,0,0,0,0,0,0,0,0,0,0,0,0,0,0,0,0,0,0,0,0,0,0,0,0,0,0,0,0,0,0,0,0,0,0,0,0,0,0,0,0,0,0,0,0,0,0,0,0,0,0,0,0,0,0,0,0,0,0,0,0,0,0,0,0,0,0,0,0,0,0,0,0,0,0,0,0,0,0,0,0,0,0,0,0,0,0,0,0,0,0,0,0,0,0,0,0,0,0,0,0,0,0,0,0,0,0,0,0,0,0,0,0,0,0,0,0,0,0,0,0,0,0,0,0,0,0,0,0,0,0,0,0,0,0,0,0,0,0,0,0,0,0,0,0,0,0,0,0,0,0,0,0,0,0,0,0,0,0,0,0,0,0,0,0,0,0,0,0,0,0,0,0,0,0,0,0,0,0,0,0,0,0,0,0,0,0,0,0,0,0,0,0,0,0,0,0,0,0,0,0,0,0,0,0,0,0,0,0
0,0.00469739784215496,0.00860340701349774,0.0120886936069791,0.0154295057911023,0.0185697269441902,0.02170476319005,0.0242731239805026,0.0265493015685387,0.0282762318246885,0.0297883670334915,0.0316500081140716,0.0333703714783877,0.0352619055173139,0.0376246639138868,0.0400968369979016,0.0422187651256909,0.0444913349213477,0.0475282240311972,0.0512789581070857,0.0554920647293709,0.0592163532804468,0.062603269174739,0.0660005352893124,0.068764175249468,0.0707999526077146,0.0731153882004956,0.0754010502541183,0.0774891501664496,0.0797763194618949,0.0818459057740065,0.084180504462251,0.0866668689727179,0.0898931527544059,0.0938044580085377,0.0980871494413316,0.101750266781872,0.105054638593512,0.107226623507418,0.109049505030602,0.110251274630607,0.111713856821713,0.113340829864282,0.116160421564986,0.119377509759501,0.123281976996575,0.127027670515873,0.130763529279751,0.133652779102149,0.135889152173076,0.13773593966857,0.13968718889384,0.142387079612686,0.145470416538471,0.149527740754898,0.153262850407954,0.157148388498207,0.158741674392039,0.160425261372975,0.161221292884979,0.164424801827485,0.167556279279702,0.172663895447227,0.176427116072926,0.180147561040232,0.181240661767675,0.182543419005879,0.184381977061324,0.188610641010242,0.193610903489575,0.198415793582056,0.201448366804628,0.203121213270744,0.204375760397193,0.207094359616625,0.211134582592336,0.216051712749211,0.218628144055538,0.220235909134016,0.220509986742948,0.223469702434892,0.228242975811441,0.232836314565449,0.233854404208214,0.232994425232806,0.234908473746261,0.241115599397677,0.248739388032453,0.254330703474896,0.255492349179762,0.255957312132932,0.259972076662188,0.266150611257205,0.268556138983935,0.268220664246874,0.27052813751933,0.27646910364688,0.280018743626929,0.280910679087642,0.281813581843639,0.28395861161957,0.290362641264315,0.296096221680027,0.297770822483719,0.296678529049189,0.30373548971961,0.312940521217361,0.312605914478189,0.314383563112883,0.315741400506757,0.319994953366143,0.333559806996359,0.325067626108749,0.316223493086762,0.332563947250602,0.337592672740853,0.336119337478911,0.334365248669815,0.332827395708529,0.331803703575367,0.330719479093197,0.32893854233009,0.326727907983512,0.324590650032886,0.321935958265651,0.318749678706447,0.315749687658209,0.312011742529362,0.308434141157299,0.305176644521153,0.300646182267298,0.29614902571518,0.292255222045067,0.290448408776299,0.287579956001068,0.282672743248451,0.278072271673791,0.273569466050444,0.267857241745777,0.262377908489827,0.256475457275384,0.251534015365163,0.246121624440379,0.238637439689844,0.231003695948195,0.222543789794414,0.217623308962681,0.21363152054465,0.207096113972115,0.2009430652928,0.191148542335273,0.184374806023114,0.176005860110077,0.172968666387212,0.169908868179932,0.160109867949294,0.156853376788249,0.14842926209323,0.145916320700507,0.133716006324867,0.128367419411847,0.112468878584619,0.108241441258773,0.094503936671367,0.091076605847666,0.0775215233611916,0.0740722373954387,0.0586498902882445,0.0553787112288507,0.0425301293608215,0.0368876127871519,0.0428827572711701,0.0167387245751655,0.000626739042104946,1.2597820719726e-06,1.14064827191881e-10,1.25940122143998e-14,2.72008866586854e-17,1.3872757420823e-61,0,0,0,0,0,0,0,0,0,0,0,0,0,0,0,0,0,0,0,0,0,0,0,0,0,0,0,0,0,0,0,0,0,0,0,0,0,0,0,0,0,0,0,0,0,0,0,0,0,0,0,0,0,0,0,0,0,0,0,0,0,0,0,0,0,0,0,0,0,0,0,0,0,0,0,0,0,0,0,0,0,0,0,0,0,0,0,0,0,0,0,0,0,0,0,0,0,0,0,0,0,0,0,0,0,0,0,0,0,0,0,0,0,0,0,0,0,0,0,0,0,0,0,0,0,0,0,0,0,0,0,0,0,0,0,0,0,0,0,0,0,0,0,0,0,0,0,0,0,0,0,0,0,0,0,0,0,0,0,0,0,0,0,0,0,0,0,0,0,0,0,0,0,0,0,0,0,0,0,0,0,0,0,0,0,0,0,0,0,0,0,0,0,0,0,0,0,0,0,0,0,0,0,0,0,0,0,0,0,0,0,0,0,0,0,0,0,0,0,0,0,0,0,0,0,0,0,0,0,0,0,0,0,0,0,0,0,0,0,0,0,0,0,0,0,0,0,0,0,0,0,0,0,0,0,0,0,0,0,0,0,0,0,0,0,0,0,0,0,0,0,0,0,0,0,0,0,0,0,0,0,0,0,0,0,0,0,0,0,0,0,0,0,0,0,0,0,0,0,0,0,0,0,0,0,0,0,0,0,0,0,0,0,0,0,0,0,0,0,0,0
0,0.00476276817480856,0.00887478160548482,0.0125120071720473,0.0154156607549473,0.0179851087515235,0.020480484642591,0.022892724782742,0.0251998283683896,0.0273333618634134,0.0293000821733515,0.0315151536690539,0.0334673280899394,0.0354918779411971,0.0381399838957311,0.0409287694604139,0.0434912786180753,0.0460005681163884,0.0491242924134452,0.0529261772741613,0.0569003642482744,0.0599614413443399,0.0624396623412299,0.0651497480430409,0.0672341883343413,0.0686176745026726,0.0703646834312646,0.0727016214400688,0.0753675364410726,0.0785316267683671,0.0816261435689022,0.0845442484283696,0.087919759922862,0.0913766785853106,0.095751393605702,0.0994912275805075,0.102637963874415,0.104516552317213,0.105895242195738,0.106646066830115,0.108100378491436,0.1100723201648,0.113347015781632,0.117013876100757,0.121231759234454,0.125083301946485,0.128588853300157,0.130845141815174,0.132131059566955,0.13333116576574,0.135413801258687,0.138371915669601,0.141979278271386,0.146440080287905,0.150280821648561,0.15404734088741,0.155433563400189,0.156812137885682,0.157373997821978,0.160879127725911,0.164222970018155,0.169588432061366,0.173324154696154,0.177223750763436,0.178253612021031,0.179479734624077,0.180434972122689,0.184212830783142,0.189013680972147,0.194250464311166,0.197571486275646,0.199118218346595,0.200511732806973,0.20311516887922,0.207059872522483,0.212653132307134,0.216680943164549,0.219171822046139,0.218684141023107,0.219997926839002,0.223985558773068,0.230626390485126,0.233713206701754,0.232372185880165,0.231434161554347,0.234771136388032,0.242946987325561,0.250159105046752,0.253085840796781,0.253530520765256,0.255319128518441,0.260162240605823,0.265203805591617,0.267016407499627,0.266786957851834,0.26820369477118,0.274039235450855,0.284041330343232,0.284191367779312,0.279727573668229,0.284486385305975,0.293288696905396,0.298459498908403,0.293853526859498,0.298151323805607,0.297355005146431,0.302327796584315,0.308205562347469,0.302818850913001,0.321025974452193,0.325870229092259,0.326484061014253,0.325756481903461,0.324140228109862,0.321670946380326,0.319115052559349,0.316578965221611,0.313889581243981,0.311592315242768,0.310172441216064,0.308785488341516,0.306658449142745,0.304274530416239,0.302080718412893,0.299178542170226,0.296000232862365,0.293482967476736,0.290257980524423,0.286726679109921,0.28412217144658,0.281108652248913,0.27800507834393,0.274243232055438,0.270986398204378,0.267805884038346,0.262357666934131,0.256680176683022,0.250565320046267,0.246133731855591,0.241967793680269,0.236039475824431,0.229960899870158,0.222444631332845,0.217069994387941,0.21085760087979,0.201416225727704,0.193426404266439,0.185332320001321,0.183512765991557,0.18140447703088,0.173397502513079,0.169935463421818,0.162470317489945,0.158018029355954,0.148769293773964,0.144557716557992,0.133318422055482,0.129210999652904,0.116780854152694,0.108561988795668,0.085886310085009,0.0669613192056368,0.0739312175723799,0.0711000657092243,0.0788206085656922,0.0872980128977539,0.0544877488946032,0.0395339557730928,0.0287055904321752,0.0193979742560799,0.0147542886786593,0.000633256469752686,5.17093285453703e-08,1.15543261551398e-10,1.27572159262928e-14,9.9759163666873e-31,1.43638986295465e-61,0,0,0,0,0,0,0,0,0,0,0,0,0,0,0,0,0,0,0,0,0,0,0,0,0,0,0,0,0,0,0,0,0,0,0,0,0,0,0,0,0,0,0,0,0,0,0,0,0,0,0,0,0,0,0,0,0,0,0,0,0,0,0,0,0,0,0,0,0,0,0,0,0,0,0,0,0,0,0,0,0,0,0,0,0,0,0,0,0,0,0,0,0,0,0,0,0,0,0,0,0,0,0,0,0,0,0,0,0,0,0,0,0,0,0,0,0,0,0,0,0,0,0,0,0,0,0,0,0,0,0,0,0,0,0,0,0,0,0,0,0,0,0,0,0,0,0,0,0,0,0,0,0,0,0,0,0,0,0,0,0,0,0,0,0,0,0,0,0,0,0,0,0,0,0,0,0,0,0,0,0,0,0,0,0,0,0,0,0,0,0,0,0,0,0,0,0,0,0,0,0,0,0,0,0,0,0,0,0,0,0,0,0,0,0,0,0,0,0,0,0,0,0,0,0,0,0,0,0,0,0,0,0,0,0,0,0,0,0,0,0,0,0,0,0,0,0,0,0,0,0,0,0,0,0,0,0,0,0,0,0,0,0,0,0,0,0,0,0,0,0,0,0,0,0,0,0,0,0,0,0,0,0,0,0,0,0,0,0,0,0,0,0,0,0,0,0,0,0,0,0,0,0,0,0,0,0,0,0,0,0,0,0,0,0,0,0,0,0,0,0,0,0
0,0.00432241411070407,0.00836774386822875,0.0116036753927421,0.0139961350808149,0.0157314827176192,0.0178580987822333,0.020298040741824,0.0232454685285028,0.0261144799839428,0.0286283915879594,0.0312088702138463,0.0335121866923901,0.0359517919812843,0.0388747200710517,0.0420624539167415,0.0451167937002204,0.0480591729848853,0.0511520723565373,0.0545717972949898,0.0576594730265012,0.0592746636626593,0.0605028480053948,0.0623396937282516,0.0643448637595602,0.0659315111183426,0.0682047008625312,0.0714181352932204,0.075024135228394,0.0791796879063611,0.082761673348773,0.0860917731688044,0.0895793378108122,0.0933265980195176,0.0968418138583099,0.0998194363241353,0.10103131402035,0.102121756770526,0.102978160960565,0.104673080906446,0.106933821129843,0.110494786902444,0.114573994853635,0.119487065406118,0.123501203280246,0.126751880053571,0.128535903191869,0.129172032336351,0.129362345794675,0.130828580487325,0.134075439096251,0.138173553637944,0.143151365637353,0.14736140959936,0.151156519361785,0.152782523928405,0.153981994427828,0.15378073548743,0.156459586879055,0.160065904388829,0.166413703194525,0.171149470291629,0.175418926111729,0.175916039447901,0.176964698268263,0.177092539166982,0.180203969079212,0.184737644784994,0.190717792656905,0.194561696674716,0.195785571862872,0.195987431080606,0.197979141521809,0.202054287248545,0.207861301845827,0.212912022326702,0.217389435354578,0.217366163251804,0.217013388569592,0.219267730754321,0.225791267806021,0.231813956211818,0.233255958458644,0.230905598201822,0.230488596717108,0.235751156994097,0.24359532217942,0.250749365528189,0.252470187734044,0.250599187079828,0.252557066345819,0.260917883312887,0.266135858311609,0.263904057168942,0.261170746230077,0.267349385446522,0.276740672209846,0.284002267448391,0.287847850261251,0.282206138308029,0.280501877789321,0.285735179903815,0.301427644052517,0.295263122018189,0.285036392828619,0.300846467212146,0.306842505967168,0.306820336963318,0.306995169914502,0.307059221574908,0.306836773209508,0.30620973986589,0.305974591957215,0.304503026384018,0.302241846024726,0.300029227065478,0.297671784745673,0.294693828951153,0.291899566718249,0.289932590470031,0.288012403606436,0.284933033547229,0.281297475912582,0.278864964278383,0.275504029172484,0.271338149464037,0.269026630541828,0.265780907583317,0.261062611052115,0.258533363524325,0.255463300538343,0.251538132736204,0.248884846611671,0.246284698174521,0.243703231687267,0.240475630843348,0.236474793104018,0.229678277207523,0.22362822105221,0.21761830854754,0.214443611958578,0.210244274719012,0.202103972797993,0.194119665612137,0.1848588983256,0.180803647489199,0.17684718419195,0.169708887408155,0.165961577557798,0.158083798549705,0.151572182536683,0.138526514827449,0.132520162316599,0.129573334174315,0.122191147476101,0.123284657393078,0.112313084884503,0.11003286306516,0.0966360445476176,0.0929229323280813,0.0769946737904353,0.0698966626766558,0.0589881668848612,0.0565370039220373,0.0444766609387509,0.0404150998504487,0.0293585823169258,0.0185718554744323,0.0149852594073247,2.78172000434912e-05,5.23272117707863e-08,5.62655364232576e-12,1.29068208049868e-14,1.13681014439675e-30,5.95259227457519e-79,0,0,0,0,0,0,0,0,0,0,0,0,0,0,0,0,0,0,0,0,0,0,0,0,0,0,0,0,0,0,0,0,0,0,0,0,0,0,0,0,0,0,0,0,0,0,0,0,0,0,0,0,0,0,0,0,0,0,0,0,0,0,0,0,0,0,0,0,0,0,0,0,0,0,0,0,0,0,0,0,0,0,0,0,0,0,0,0,0,0,0,0,0,0,0,0,0,0,0,0,0,0,0,0,0,0,0,0,0,0,0,0,0,0,0,0,0,0,0,0,0,0,0,0,0,0,0,0,0,0,0,0,0,0,0,0,0,0,0,0,0,0,0,0,0,0,0,0,0,0,0,0,0,0,0,0,0,0,0,0,0,0,0,0,0,0,0,0,0,0,0,0,0,0,0,0,0,0,0,0,0,0,0,0,0,0,0,0,0,0,0,0,0,0,0,0,0,0,0,0,0,0,0,0,0,0,0,0,0,0,0,0,0,0,0,0,0,0,0,0,0,0,0,0,0,0,0,0,0,0,0,0,0,0,0,0,0,0,0,0,0,0,0,0,0,0,0,0,0,0,0,0,0,0,0,0,0,0,0,0,0,0,0,0,0,0,0,0,0,0,0,0,0,0,0,0,0,0,0,0,0,0,0,0,0,0,0,0,0,0,0,0,0,0,0,0,0,0,0,0,0,0,0,0,0,0,0,0,0,0,0,0,0,0,0,0,0,0,0,0,0,0,0,0,0
0,0.00395942205915943,0.00784989350629211,0.0109619490544321,0.0128784563844379,0.014333655779465,0.0162371774996403,0.0190621475073638,0.0226275565993604,0.0262763685707637,0.0290730263251352,0.0317253681751955,0.0345133140657593,0.0374898732817683,0.0407759306756199,0.0440140975633282,0.0473002675891793,0.050211890275308,0.0526185173792869,0.0548959734295859,0.0566392462249097,0.0572577227872916,0.0580212393836878,0.0599585096909952,0.0624248884976364,0.0648316767601417,0.0677618922893396,0.0716229519737012,0.0758573172189388,0.080509932521539,0.084664309578174,0.0876317413512514,0.0907896313908932,0.0933326190255983,0.0960848681342954,0.0976043582279673,0.0984018742096638,0.0990651406503344,0.101268296944374,0.104100514599815,0.1077944845066,0.111838392367099,0.117126771735856,0.122148105722789,0.125728762724067,0.126760994878799,0.126518850124739,0.126116848817067,0.126645753346294,0.129723826530717,0.133791498093507,0.139031903242653,0.144317639591906,0.148898639374016,0.150540559033635,0.151138434314363,0.15066997790951,0.152695288185394,0.155747083174927,0.161433487726432,0.167348941953508,0.173734671997033,0.175230319180097,0.17538775779731,0.174276266032926,0.176512494209401,0.179607583207516,0.186051507476465,0.192153748653954,0.194710428405378,0.193687524313615,0.193216943523246,0.195738933167079,0.201466986443437,0.207526628879456,0.214805666160333,0.215987719541836,0.214769058218857,0.214380953299706,0.219652157818905,0.228397050776684,0.233083425880581,0.231553963875414,0.22715228574501,0.229279517860276,0.237897456700268,0.247473160644465,0.249177063158582,0.245842307688697,0.249017921234841,0.255613729926875,0.260190076613498,0.267015828139789,0.268062698953082,0.263882545496895,0.264194690096627,0.270379479266069,0.291299592639664,0.278915338461659,0.270606019781549,0.286310760029622,0.291061946353859,0.29434273199675,0.294565296806086,0.293378991525071,0.291410376689684,0.289624422054204,0.288351254612692,0.287241511988885,0.285931422969192,0.284029680458121,0.282177181788342,0.282121491408977,0.281439550505967,0.280396592501958,0.279071156058795,0.27726552643952,0.274047611598611,0.270382812581957,0.268477102756987,0.266423320253471,0.264200530723732,0.261194268219014,0.258631052687671,0.256424689398648,0.253230725484814,0.250997310402242,0.249328853255314,0.245608539710813,0.242212791153543,0.239153707790326,0.234118845649379,0.22877326243286,0.222386118523973,0.219207179367347,0.217025680449248,0.213958170623566,0.209770546461978,0.204469660462238,0.196770780361089,0.190690202266592,0.183874343411264,0.181079410003998,0.176356073083283,0.166283066028168,0.157786137422472,0.147929256683406,0.146572436126025,0.145986185863634,0.139427765083511,0.138610352942589,0.128294669234687,0.123206608623994,0.112150657319255,0.106984218300806,0.0862336530279831,0.0684238492867472,0.0756683749301534,0.0723146950570682,0.0745437253033955,0.0603220423312527,0.0567084347265866,0.0438516828347594,0.0381749331718517,0.0291000153353344,0.0187786263339726,0.0151522563313245,1.32626814269005e-06,2.48132059424904e-09,2.7393412906857e-13,6.2902050417541e-16,8.95504842538568e-43,7.31582143381996e-79,0,0,0,0,0,0,0,0,0,0,0,0,0,0,0,0,0,0,0,0,0,0,0,0,0,0,0,0,0,0,0,0,0,0,0,0,0,0,0,0,0,0,0,0,0,0,0,0,0,0,0,0,0,0,0,0,0,0,0,0,0,0,0,0,0,0,0,0,0,0,0,0,0,0,0,0,0,0,0,0,0,0,0,0,0,0,0,0,0,0,0,0,0,0,0,0,0,0,0,0,0,0,0,0,0,0,0,0,0,0,0,0,0,0,0,0,0,0,0,0,0,0,0,0,0,0,0,0,0,0,0,0,0,0,0,0,0,0,0,0,0,0,0,0,0,0,0,0,0,0,0,0,0,0,0,0,0,0,0,0,0,0,0,0,0,0,0,0,0,0,0,0,0,0,0,0,0,0,0,0,0,0,0,0,0,0,0,0,0,0,0,0,0,0,0,0,0,0,0,0,0,0,0,0,0,0,0,0,0,0,0,0,0,0,0,0,0,0,0,0,0,0,0,0,0,0,0,0,0,0,0,0,0,0,0,0,0,0,0,0,0,0,0,0,0,0,0,0,0,0,0,0,0,0,0,0,0,0,0,0,0,0,0,0,0,0,0,0,0,0,0,0,0,0,0,0,0,0,0,0,0,0,0,0,0,0,0,0,0,0,0,0,0,0,0,0,0,0,0,0,0,0,0,0,0,0,0,0,0,0,0,0,0,0,0,0,0,0,0,0,0,0,0,0,0,0,0
0,0.00373842219694452,0.00787306305216603,0.0110978952881611,0.0132789011730115,0.0145645149068004,0.0163281263496156,0.0189137307168086,0.0227696944695004,0.026933754232985,0.0300328326928754,0.0326683657086754,0.0354308558886692,0.0387134681478182,0.0420637806692079,0.0450112417112382,0.0476888095975847,0.0497615675704721,0.0509173648183014,0.0521429317455674,0.0535866668162925,0.0545840584583783,0.0565747689355185,0.059514167017488,0.0629274129938347,0.0657068449968192,0.0686293974739678,0.0726744327629338,0.0768970767991186,0.0818778734538741,0.085978398844514,0.0885303542811792,0.0898789559504339,0.0913828529560349,0.0928721428503704,0.0949553952206964,0.096106693993845,0.098433407997076,0.101712810280523,0.105756523407495,0.109682799794642,0.114118847606746,0.119123252071122,0.123351254393524,0.124861198589326,0.124575595614478,0.123583379847567,0.123131285224427,0.125595534240696,0.129696881008564,0.135322292721745,0.140769085678075,0.145325851585269,0.147218199998234,0.148173956759681,0.147886251923609,0.148397767191399,0.151307338912489,0.156949782631769,0.163417350757175,0.169642726491099,0.172963720425731,0.174167738155146,0.172020859955639,0.17368522774084,0.17631340575098,0.182026243802438,0.188469711395748,0.193317371486075,0.19324336461399,0.190682987309716,0.191783851218805,0.196933182278067,0.202532077366908,0.21258103530039,0.213514501626408,0.21102212101291,0.209483111491099,0.21609858645332,0.22509671719837,0.230240006640824,0.229811960092713,0.224736310821535,0.227975881738893,0.234491500193259,0.238890121350002,0.245115335220431,0.248395652355955,0.244790563363156,0.244889763282136,0.249425902301627,0.263887308188629,0.271091150732254,0.2604218410518,0.252403866667614,0.270182360600374,0.277929048702324,0.279679965517045,0.279995801895523,0.278713834823324,0.27708445736047,0.275797414390692,0.275955946546844,0.276621937717988,0.27596439340319,0.27443946178969,0.273121921328823,0.272052974321925,0.270791550981145,0.268561063102199,0.266028910410551,0.263473396912053,0.26191213095229,0.260909067401757,0.260679917845619,0.260325275661448,0.258536340470409,0.25600105167258,0.252438459366608,0.249339526354438,0.24662696541704,0.244574620611153,0.242106528227976,0.239069081070646,0.236735722968049,0.233919222942086,0.230995609302933,0.228995621965345,0.226270307835892,0.223169295895548,0.220582213851663,0.217127318239007,0.212250290409435,0.204851773780289,0.198715354700599,0.192615029177537,0.190075788901228,0.184358329907199,0.176625524484823,0.174072525731843,0.171156026597061,0.164034807996308,0.157571805645048,0.148433550459846,0.145835175511958,0.14221430682979,0.134226059879357,0.133475298952709,0.127493266902069,0.122804703554217,0.104168545454053,0.0912049527857653,0.0926702792461096,0.0888883812409684,0.0925338791011252,0.0768723671160376,0.0710461699527594,0.0603324051439029,0.0579555115322265,0.045405635460013,0.0395272943168269,0.0296083744249654,0.0201550732000764,0.0152799356309844,0.000668077238571762,1.34321389111831e-06,1.20649470568082e-10,2.7693566659099e-13,3.06009974910201e-17,2.12522857510866e-45,-8.59041556357423e-237,0,0,0,0,0,0,0,0,0,0,0,0,0,0,0,0,0,0,0,0,0,0,0,0,0,0,0,0,0,0,0,0,0,0,0,0,0,0,0,0,0,0,0,0,0,0,0,0,0,0,0,0,0,0,0,0,0,0,0,0,0,0,0,0,0,0,0,0,0,0,0,0,0,0,0,0,0,0,0,0,0,0,0,0,0,0,0,0,0,0,0,0,0,0,0,0,0,0,0,0,0,0,0,0,0,0,0,0,0,0,0,0,0,0,0,0,0,0,0,0,0,0,0,0,0,0,0,0,0,0,0,0,0,0,0,0,0,0,0,0,0,0,0,0,0,0,0,0,0,0,0,0,0,0,0,0,0,0,0,0,0,0,0,0,0,0,0,0,0,0,0,0,0,0,0,0,0,0,0,0,0,0,0,0,0,0,0,0,0,0,0,0,0,0,0,0,0,0,0,0,0,0,0,0,0,0,0,0,0,0,0,0,0,0,0,0,0,0,0,0,0,0,0,0,0,0,0,0,0,0,0,0,0,0,0,0,0,0,0,0,0,0,0,0,0,0,0,0,0,0,0,0,0,0,0,0,0,0,0,0,0,0,0,0,0,0,0,0,0,0,0,0,0,0,0,0,0,0,0,0,0,0,0,0,0,0,0,0,0,0,0,0,0,0,0,0,0,0,0,0,0,0,0,0,0,0,0,0,0,0,0,0,0,0,0,0,0,0,0,0,0,0,0,0,0,0,0,0,0
0,0.0038571150549299,0.00805293037539317,0.0117004161507713,0.0143604434778656,0.0161425758278887,0.0175278502213918,0.0191281398787429,0.0221625276842083,0.0265256989040492,0.0302408090810482,0.0327351161068435,0.0350447145764351,0.0377836182637908,0.0408402553155811,0.0433140828897492,0.0454081878313854,0.047296106327476,0.0480376567836093,0.0492490596108571,0.0511465568616879,0.0535298226479381,0.0565845029501656,0.0605337331313175,0.0645500060305144,0.0680784323452956,0.071053800695905,0.0747798842577366,0.0786787547339046,0.0820816718791451,0.085174313591837,0.0862783617022493,0.0873817798927164,0.0880107157775623,0.0904132376174635,0.0932163881156154,0.0961193256023352,0.0992551572806298,0.103317867046622,0.107652674903397,0.112096253039213,0.11677557169469,0.119786964724684,0.121063916658885,0.121332775190992,0.121408707953512,0.121882792700799,0.123852295679256,0.127239906209127,0.132215553912045,0.137062521176963,0.142105489132624,0.143766425000663,0.142826876384635,0.143264567331021,0.145384431804815,0.149295673695895,0.152995780276879,0.159476673193058,0.166128858925933,0.170503250481322,0.170439861398823,0.168687723565808,0.172182304725331,0.174318490574323,0.179743966639211,0.185103715789615,0.187596671094068,0.187160876677979,0.1863262204383,0.190186148841959,0.194192432948306,0.198144325768645,0.205639122072461,0.207331314533482,0.208863432618255,0.206528407399342,0.212571937813398,0.217045090496604,0.223653623926907,0.234893983897943,0.228878953820284,0.226290372690143,0.226659059211777,0.23110674224711,0.245792979983458,0.25264644742809,0.239780556064693,0.233216674246908,0.251983325568086,0.2583332084769,0.260130199568677,0.260446661490751,0.261591672519525,0.262788440876956,0.262584624543525,0.262095687727566,0.262896774884111,0.263635194936607,0.262423941114331,0.260301637568439,0.258464227942665,0.257699360838998,0.258224402848932,0.257889421737104,0.257161799090262,0.256443239750813,0.255712571634345,0.253864571663561,0.251250398244837,0.24915829531711,0.247145133811319,0.243939434199025,0.241147430075761,0.24053046300071,0.239165212726966,0.237298749098024,0.236002176903905,0.234081838659456,0.231200541122549,0.228477782757733,0.226691326168705,0.223263660958625,0.218260482904705,0.216014417644751,0.212247132205778,0.207161885197314,0.20544836263317,0.201904174469519,0.196798539797212,0.195354573334157,0.191163312571771,0.184715292716906,0.181051129596526,0.177926725351907,0.173421448448605,0.170460082233948,0.166416736829636,0.158999423286086,0.153656434491931,0.146739719752837,0.145886423770715,0.142720327486807,0.133168886220132,0.12688595402582,0.114080098684981,0.108961895486679,0.110250554017691,0.106454678226327,0.109579911917613,0.0951454436544937,0.0895177991480479,0.0782782358837194,0.0764202768725468,0.057568629139648,0.0293824646904865,0.0466499526778299,0.0433535578928787,0.0390956192437895,0.0297948856075905,0.0192504565551087,0.0155091458306314,2.92007176692828e-05,5.46468031533436e-08,5.87068606899167e-12,1.34746393216728e-14,2.46798846115339e-29,1.91495477094744e-61,-9.48213195219823e-237,0,0,0,0,0,0,0,0,0,0,0,0,0,0,0,0,0,0,0,0,0,0,0,0,0,0,0,0,0,0,0,0,0,0,0,0,0,0,0,0,0,0,0,0,0,0,0,0,0,0,0,0,0,0,0,0,0,0,0,0,0,0,0,0,0,0,0,0,0,0,0,0,0,0,0,0,0,0,0,0,0,0,0,0,0,0,0,0,0,0,0,0,0,0,0,0,0,0,0,0,0,0,0,0,0,0,0,0,0,0,0,0,0,0,0,0,0,0,0,0,0,0,0,0,0,0,0,0,0,0,0,0,0,0,0,0,0,0,0,0,0,0,0,0,0,0,0,0,0,0,0,0,0,0,0,0,0,0,0,0,0,0,0,0,0,0,0,0,0,0,0,0,0,0,0,0,0,0,0,0,0,0,0,0,0,0,0,0,0,0,0,0,0,0,0,0,0,0,0,0,0,0,0,0,0,0,0,0,0,0,0,0,0,0,0,0,0,0,0,0,0,0,0,0,0,0,0,0,0,0,0,0,0,0,0,0,0,0,0,0,0,0,0,0,0,0,0,0,0,0,0,0,0,0,0,0,0,0,0,0,0,0,0,0,0,0,0,0,0,0,0,0,0,0,0,0,0,0,0,0,0,0,0,0,0,0,0,0,0,0,0,0,0,0,0,0,0,0,0,0,0,0,0,0,0,0,0,0,0,0,0,0,0,0,0,0,0,0,0,0,0,0,0,0,0,0,0,0,0,0,0
0,0.00440324931965148,0.00900889018873905,0.0127321554325731,0.0158425946160314,0.0180441947748834,0.0189096705352622,0.0190498695099317,0.0208268433753475,0.0251245867000874,0.0289682588270087,0.0313980383685902,0.0327416149562223,0.0347419629541079,0.0375559192452524,0.0402491267578265,0.0427321643785091,0.0450752077869554,0.0473807700289851,0.0492924376840395,0.051902677720119,0.0546791057528405,0.058466839425262,0.0618974702594278,0.0665493910986036,0.0711741430362244,0.0746803163251708,0.0777320014591292,0.0787747544984987,0.0798494180024761,0.0812334520980291,0.0832608644448819,0.0839899666209922,0.0859374240296145,0.0891993346142914,0.0932255683226641,0.0963159574389534,0.100298789845354,0.105509437750807,0.109454561917441,0.113982128076127,0.116619059280085,0.11768879415964,0.117508069591087,0.119005267253026,0.12019872573179,0.121917860788279,0.125065318275782,0.130366347207369,0.134965358714221,0.139440450937054,0.141054965123882,0.139988357711103,0.140564933140079,0.141161321410271,0.146195890900725,0.150206699984862,0.156749114384258,0.160731499820833,0.163828767174622,0.165215470199255,0.166505373375196,0.168334527987973,0.169461414978186,0.175742286128504,0.179763859255784,0.18619157803582,0.189928014807745,0.18256199541768,0.184975580958768,0.189876448461515,0.191811786824792,0.198254368963215,0.210673645092022,0.208960610796483,0.200170921967396,0.202468904827629,0.207503294600496,0.222456295110572,0.229578027419689,0.230999390204665,0.219960398997787,0.214884800102829,0.234106815206356,0.240728530348752,0.242902490603843,0.244103879241936,0.244649724708425,0.244460217946415,0.244726488820844,0.245517894120562,0.245089110383215,0.244154486305017,0.243982093306505,0.244777270544915,0.244580610602817,0.244080173129978,0.24451042168966,0.245853973735299,0.245167635635579,0.243256964185762,0.24159709787252,0.240307725038316,0.239052642464347,0.238116618367322,0.238245070256994,0.23854894612147,0.237577830842666,0.235763607541572,0.233828673260846,0.232891687625313,0.230967552150472,0.228123082016064,0.224959261545038,0.222100777468893,0.219092957082238,0.217205831567629,0.216752435401603,0.214597829604066,0.210550726405319,0.208890234126721,0.206802249987287,0.204969138054082,0.200773556722829,0.197290261853014,0.194650478308987,0.190212797512412,0.187111145199861,0.185378747855402,0.182071480641517,0.180142761553397,0.177714103729922,0.172036280393007,0.166279876927126,0.159046004180322,0.155503573954088,0.14809066099145,0.139103443340923,0.137319801558312,0.136600372354854,0.131191052088646,0.127101237243669,0.115095155819421,0.109725659514144,0.10882292048582,0.101847519229393,0.103078135613077,0.0959506831079212,0.0939695379881069,0.073005311406663,0.0492739659190679,0.0615910479418398,0.0582744794927596,0.0581402823229928,0.0458286155734631,0.0372189955178408,0.0297086600277833,0.0206516360646259,0.0156432524136284,0.000690580650121122,1.38941111757433e-06,1.24393630582341e-10,2.85521776373844e-13,6.56221390851305e-16,9.75585546689186e-43,8.33614687878084e-79,0,0,0,0,0,0,0,0,0,0,0,0,0,0,0,0,0,0,0,0,0,0,0,0,0,0,0,0,0,0,0,0,0,0,0,0,0,0,0,0,0,0,0,0,0,0,0,0,0,0,0,0,0,0,0,0,0,0,0,0,0,0,0,0,0,0,0,0,0,0,0,0,0,0,0,0,0,0,0,0,0,0,0,0,0,0,0,0,0,0,0,0,0,0,0,0,0,0,0,0,0,0,0,0,0,0,0,0,0,0,0,0,0,0,0,0,0,0,0,0,0,0,0,0,0,0,0,0,0,0,0,0,0,0,0,0,0,0,0,0,0,0,0,0,0,0,0,0,0,0,0,0,0,0,0,0,0,0,0,0,0,0,0,0,0,0,0,0,0,0,0,0,0,0,0,0,0,0,0,0,0,0,0,0,0,0,0,0,0,0,0,0,0,0,0,0,0,0,0,0,0,0,0,0,0,0,0,0,0,0,0,0,0,0,0,0,0,0,0,0,0,0,0,0,0,0,0,0,0,0,0,0,0,0,0,0,0,0,0,0,0,0,0,0,0,0,0,0,0,0,0,0,0,0,0,0,0,0,0,0,0,0,0,0,0,0,0,0,0,0,0,0,0,0,0,0,0,0,0,0,0,0,0,0,0,0,0,0,0,0,0,0,0,0,0,0,0,0,0,0,0,0,0,0,0,0,0,0,0,0,0,0,0,0,0,0,0,0,0,0,0,0,0,0,0,0,0,0,0,0,0,0,0,0
0,0.00548262487547079,0.0108035909634273,0.014853823419282,0.0178711121328083,0.0190901330203491,0.0186001248320005,0.0173048957994638,0.0183350200762855,0.0221650727507851,0.027147479401668,0.030210911808431,0.0320666920219645,0.0333028789583282,0.035466057874817,0.0383489402944124,0.0417224412736135,0.0457773123609754,0.049042868255632,0.0532814668629019,0.0558742238497778,0.0587949076770039,0.0618037119942468,0.0652992064279593,0.0691105811351497,0.0728969077049413,0.0745252190827679,0.0754356036975272,0.0771049641403048,0.0768335054936552,0.0783590823463533,0.0799480140513347,0.0829822936885838,0.0866178476811616,0.0901110669509321,0.0933269005384641,0.0963165940348841,0.101373339168552,0.106943539172612,0.111556562038169,0.112361503296176,0.113762655791953,0.112274756425717,0.113781662841739,0.117412551649297,0.121398467970596,0.12319137985178,0.126824682970448,0.131307525995279,0.137155817574775,0.139206232757287,0.137890602582877,0.13853270391729,0.138557625465174,0.143357106020489,0.145393630995514,0.151134705012507,0.157062304585805,0.166937365122879,0.16425217609713,0.162836748278558,0.165102789233234,0.164689430759766,0.1675321885016,0.172908661750693,0.185550677674418,0.19290598949646,0.185737365493923,0.179786620423926,0.178462017288217,0.183335109140605,0.199664385061843,0.207318764299302,0.211035842510203,0.196335992133034,0.190924550758779,0.209218699329175,0.215266183287067,0.218004286107963,0.219399923427492,0.220937869213446,0.222760853621653,0.224859587295144,0.226686329743913,0.22875159706316,0.229362732665651,0.230439089389882,0.231942015025056,0.231850134070331,0.230824942318091,0.229673844922534,0.228638682452143,0.228071920182274,0.227940825126389,0.228008825927354,0.227964021069777,0.228087147798494,0.228669626811079,0.229220838292682,0.227916562544091,0.225792854688232,0.224916804641696,0.222971103048107,0.219707103892241,0.217699278580999,0.218688755560049,0.218679981438212,0.217565819478602,0.216771383985058,0.216207963096073,0.214713889959864,0.212598961674058,0.210256044364678,0.207935393995935,0.20358008842968,0.199374992294616,0.198904643717697,0.198219307549782,0.197698058725899,0.194463359389548,0.190897524225453,0.187983911445491,0.186637762252918,0.184225214842289,0.180231098005196,0.176884713671238,0.173260657082632,0.168112947635305,0.163802491909312,0.160643551267533,0.156333531182999,0.15311137075234,0.153559318187276,0.152460186782787,0.146385487720219,0.139430450085844,0.126444411426295,0.120993643251047,0.114436007450241,0.104724963053002,0.104669686986484,0.107680943110868,0.102006462841161,0.100264312883793,0.0838563094941276,0.0691472774683623,0.0772706918237842,0.0750474411781691,0.0784662149868926,0.0624217912034016,0.0557911557337797,0.0432888295066373,0.0143769731506354,0.0333224433698683,0.0300818913055747,0.0195945734314839,0.0158615503573918,3.01867976116106e-05,5.62645963340868e-08,6.0414341677118e-12,1.3882652627239e-14,3.06009974910603e-17,1.89029540175121e-57,-1.26266734860279e-236,0,0,0,0,0,0,0,0,0,0,0,0,0,0,0,0,0,0,0,0,0,0,0,0,0,0,0,0,0,0,0,0,0,0,0,0,0,0,0,0,0,0,0,0,0,0,0,0,0,0,0,0,0,0,0,0,0,0,0,0,0,0,0,0,0,0,0,0,0,0,0,0,0,0,0,0,0,0,0,0,0,0,0,0,0,0,0,0,0,0,0,0,0,0,0,0,0,0,0,0,0,0,0,0,0,0,0,0,0,0,0,0,0,0,0,0,0,0,0,0,0,0,0,0,0,0,0,0,0,0,0,0,0,0,0,0,0,0,0,0,0,0,0,0,0,0,0,0,0,0,0,0,0,0,0,0,0,0,0,0,0,0,0,0,0,0,0,0,0,0,0,0,0,0,0,0,0,0,0,0,0,0,0,0,0,0,0,0,0,0,0,0,0,0,0,0,0,0,0,0,0,0,0,0,0,0,0,0,0,0,0,0,0,0,0,0,0,0,0,0,0,0,0,0,0,0,0,0,0,0,0,0,0,0,0,0,0,0,0,0,0,0,0,0,0,0,0,0,0,0,0,0,0,0,0,0,0,0,0,0,0,0,0,0,0,0,0,0,0,0,0,0,0,0,0,0,0,0,0,0,0,0,0,0,0,0,0,0,0,0,0,0,0,0,0,0,0,0,0,0,0,0,0,0,0,0,0,0,0,0,0,0,0,0,0,0,0,0,0,0,0,0,0,0,0,0,0,0,0,0,0,0,0,0,0,0
0,0.00654387098256067,0.0126047685274509,0.0169595336264958,0.0199955566380965,0.0222251538001503,0.0222529683788192,0.0215799622340185,0.0223264493404118,0.0257838674623031,0.0299973818813069,0.0341422509133296,0.0363816027408714,0.0374711208351149,0.0380026042845304,0.0396566785733831,0.043824200644593,0.0489146590789667,0.0536452667783535,0.0559351850202353,0.0586634303211871,0.0609298251639697,0.0647697871430409,0.0672646377399728,0.0678394327428034,0.0665423431974425,0.0661946564581913,0.0697569396629455,0.0733593191268993,0.0776100042368274,0.0774310159833292,0.0792342037105867,0.0836255772817195,0.0892304354579816,0.0951494416485037,0.0970968529062176,0.100396709389116,0.10499799531224,0.10656980956427,0.104576190394515,0.105716698373644,0.106585833309329,0.109602024252131,0.111286414758215,0.116144834106883,0.122004104803515,0.130022786352495,0.131979985985514,0.136027037960059,0.13487499193321,0.132792509119797,0.134338740576554,0.134781183255083,0.138028677894629,0.142394846748359,0.153501556282029,0.156406320676384,0.164473642143258,0.158014694985165,0.157245995049906,0.156081681825119,0.157715215549288,0.172081314679296,0.174000937525619,0.18275188547678,0.187313414396234,0.172217778482971,0.172027995863774,0.188978770936678,0.188481421601027,0.195665052852428,0.199550912850956,0.201687805601442,0.202239259645825,0.203172266284744,0.203648000656084,0.204475567206717,0.2048325962642,0.205701583664209,0.206667342174497,0.206628529741281,0.207526585653076,0.209892559271675,0.211583623530287,0.212882885152904,0.21359355464791,0.214949587247602,0.217530973517888,0.217998071262411,0.215668436872161,0.212885845119932,0.211835247388576,0.212265430824698,0.212237372340538,0.212290277221338,0.213225754877115,0.214541715089754,0.214745649903491,0.213846463753153,0.213372802381131,0.212398647167883,0.211351804878806,0.208412686640732,0.205931654509378,0.204426414136795,0.203853816294877,0.201428687997363,0.198752590230096,0.19874606880558,0.197585750980079,0.196368700429643,0.195620613600329,0.194820666964174,0.191874182059017,0.188644882852618,0.184814622898337,0.182159196245724,0.180859674889962,0.181605953851675,0.180942292908733,0.175514791565785,0.170012409369414,0.16941860655241,0.165298810525073,0.159341910735496,0.158539743867691,0.153397337202652,0.145493487063165,0.144305804322485,0.138742591417626,0.130209405149174,0.13053283913571,0.127649892135515,0.120991076169359,0.120954701978048,0.116269922330521,0.103426850022679,0.099620143947976,0.102437083539458,0.0995964786778786,0.0998985956130794,0.0844629748501925,0.0700112742591148,0.0777062099338487,0.0732035082609711,0.0727859508243711,0.0629105275029415,0.060852589070826,0.0453288071241091,0.0148167163886351,0.0336221717313403,0.0304081574038478,0.0192812966983187,0.0158328736995397,0.000708831631592995,6.87861128781827e-08,1.27862378270255e-10,2.93267278038897e-13,6.7662205585782e-16,1.37435639060418e-30,1.78444547125045e-73,0,0,0,0,0,0,0,0,0,0,0,0,0,0,0,0,0,0,0,0,0,0,0,0,0,0,0,0,0,0,0,0,0,0,0,0,0,0,0,0,0,0,0,0,0,0,0,0,0,0,0,0,0,0,0,0,0,0,0,0,0,0,0,0,0,0,0,0,0,0,0,0,0,0,0,0,0,0,0,0,0,0,0,0,0,0,0,0,0,0,0,0,0,0,0,0,0,0,0,0,0,0,0,0,0,0,0,0,0,0,0,0,0,0,0,0,0,0,0,0,0,0,0,0,0,0,0,0,0,0,0,0,0,0,0,0,0,0,0,0,0,0,0,0,0,0,0,0,0,0,0,0,0,0,0,0,0,0,0,0,0,0,0,0,0,0,0,0,0,0,0,0,0,0,0,0,0,0,0,0,0,0,0,0,0,0,0,0,0,0,0,0,0,0,0,0,0,0,0,0,0,0,0,0,0,0,0,0,0,0,0,0,0,0,0,0,0,0,0,0,0,0,0,0,0,0,0,0,0,0,0,0,0,0,0,0,0,0,0,0,0,0,0,0,0,0,0,0,0,0,0,0,0,0,0,0,0,0,0,0,0,0,0,0,0,0,0,0,0,0,0,0,0,0,0,0,0,0,0,0,0,0,0,0,0,0,0,0,0,0,0,0,0,0,0,0,0,0,0,0,0,0,0,0,0,0,0,0,0,0,0,0,0,0,0,0,0,0,0,0,0,0,0,0,0,0,0,0,0,0,0,0,0,0,0,0,0,0,0
0,0.00671779746778714,0.0127373317544327,0.0170463823211836,0.0200075504411835,0.0221806814957237,0.0243243077692832,0.0251269550538798,0.0261224101680475,0.0280522665057167,0.0313782171608718,0.0343799498052885,0.0379067605363296,0.0398980540767996,0.0406380091178474,0.0421907627866369,0.0461149035338429,0.0517393917302146,0.0546561856724999,0.0572751759703476,0.0571810942236366,0.0595503957546828,0.0595630195314495,0.0600663866121122,0.0618958427765087,0.0614209032038904,0.0616793468867348,0.0644517484243135,0.0723648070225568,0.0780640001033571,0.084452878719865,0.0855264496480561,0.0891272971887563,0.0954987528294711,0.0972492316137789,0.0991987371714072,0.102538735100518,0.100277910852584,0.0985783524982016,0.0985955725037373,0.0985452825319413,0.102420532536349,0.107835977573338,0.117977282272148,0.121435775641702,0.128900663236208,0.130438474370263,0.133902188465472,0.12859619911782,0.125209374573709,0.124361605267186,0.129128762470604,0.143205655203508,0.1450880116577,0.152150560086591,0.154420942696279,0.159507173642451,0.161709646989714,0.148488380776728,0.143573975498276,0.163569968396116,0.168563253452416,0.168891468454128,0.173424151410534,0.176865947102055,0.179018125894827,0.180664928794255,0.182064008028035,0.183856206883985,0.185760230845972,0.187916130688203,0.189282289136496,0.189949843411047,0.189778996943707,0.189961140902194,0.190227821006291,0.191819181037248,0.193188436137074,0.19433390056693,0.195114077320735,0.19511114270905,0.195819342380844,0.197289604724219,0.197944678192388,0.198713948316453,0.200163429318382,0.201885996840181,0.203330488038076,0.202366312480301,0.19924744313258,0.19680550088685,0.196767782615776,0.197139314099157,0.197334786839739,0.198133189586347,0.199790487001751,0.200044013152376,0.198119674694005,0.196492775580165,0.196818040189845,0.196965972334055,0.194709588822593,0.192330151049889,0.191982733068268,0.192475969834182,0.190737404971296,0.189114718194486,0.186695958034834,0.184613717859227,0.181146733626492,0.178712685140751,0.179330084110089,0.177429152706091,0.174648809600505,0.171794010649809,0.16847116795847,0.162287393449946,0.158563894624726,0.161357653640098,0.160312783724328,0.157406700572345,0.153008455228698,0.150480323162494,0.147815157439047,0.144035105995573,0.142320905558077,0.138185030528121,0.130941827691323,0.128541690109686,0.124035774223622,0.116002030591811,0.116121621084121,0.117993573248683,0.11493099003586,0.113632113407258,0.0995268244871576,0.0881556640758441,0.0845410017115848,0.0741315049182038,0.0666741128844053,0.077710945176129,0.0739216138535999,0.0730852080712737,0.0573012975347326,0.0304170861953683,0.0488288955785464,0.0453483046682743,0.0406332524056742,0.0312422366773806,0.0195481186405659,0.0160321519798334,0.000724990472101933,1.46211306561874e-06,2.78249185271693e-09,6.19877200823038e-12,1.42532647134131e-14,2.9039396844166e-29,2.28588153757493e-57,8.16236157994161e-91,0,0,0,0,0,0,0,0,0,0,0,0,0,0,0,0,0,0,0,0,0,0,0,0,0,0,0,0,0,0,0,0,0,0,0,0,0,0,0,0,0,0,0,0,0,0,0,0,0,0,0,0,0,0,0,0,0,0,0,0,0,0,0,0,0,0,0,0,0,0,0,0,0,0,0,0,0,0,0,0,0,0,0,0,0,0,0,0,0,0,0,0,0,0,0,0,0,0,0,0,0,0,0,0,0,0,0,0,0,0,0,0,0,0,0,0,0,0,0,0,0,0,0,0,0,0,0,0,0,0,0,0,0,0,0,0,0,0,0,0,0,0,0,0,0,0,0,0,0,0,0,0,0,0,0,0,0,0,0,0,0,0,0,0,0,0,0,0,0,0,0,0,0,0,0,0,0,0,0,0,0,0,0,0,0,0,0,0,0,0,0,0,0,0,0,0,0,0,0,0,0,0,0,0,0,0,0,0,0,0,0,0,0,0,0,0,0,0,0,0,0,0,0,0,0,0,0,0,0,0,0,0,0,0,0,0,0,0,0,0,0,0,0,0,0,0,0,0,0,0,0,0,0,0,0,0,0,0,0,0,0,0,0,0,0,0,0,0,0,0,0,0,0,0,0,0,0,0,0,0,0,0,0,0,0,0,0,0,0,0,0,0,0,0,0,0,0,0,0,0,0,0,0,0,0,0,0,0,0,0,0,0,0,0,0,0,0,0,0,0,0,0,0,0,0,0,0,0,0,0,0,0,0,0,0,0,0,0,0,0,0
0,0.00588734555004449,0.0108821381578294,0.014456786278093,0.0171112484870145,0.0192243714741942,0.0215203279407096,0.0246338431871666,0.0264563416357797,0.0279655545361811,0.029881578350817,0.0318925587357813,0.0350996642915269,0.0392431504265559,0.0420314308481666,0.0449203022370796,0.0466541023603188,0.049013843147282,0.0541633241869756,0.0499932812688736,0.0464530031235159,0.0478329060192952,0.0533463372360357,0.0540649148535588,0.0588804649767918,0.0696782940955125,0.0705327740624062,0.0721433019924255,0.0767232724529646,0.0849002439645778,0.0855824800397366,0.0877060952067778,0.0923578134768308,0.0944555151687746,0.0968085872296581,0.0988166937938498,0.0920510989632504,0.0896985925242814,0.0885989282721237,0.0944188983681118,0.107845603881068,0.110057459769849,0.117386184045632,0.119266035786993,0.124051132026514,0.125497789562571,0.128350492133675,0.115868161741635,0.116026442727063,0.133547181902927,0.134799331044936,0.140263093974362,0.142070827197021,0.144751496183445,0.146257479064574,0.150274663879769,0.153545189915058,0.15611868443088,0.157970422244976,0.159684694910115,0.15995161360619,0.160201016961485,0.16228277634686,0.164646568581876,0.166491237257502,0.168227082753902,0.169760820905805,0.17074422492806,0.17308595606299,0.174827073923466,0.176095127038042,0.176891482442651,0.177096013601011,0.176392498766374,0.177060493130747,0.177864484247084,0.179120936150711,0.180676718640114,0.181468888558731,0.182457471793605,0.183170576769511,0.183405696783208,0.183302465747983,0.18398416447397,0.185977466217819,0.188693331006622,0.189451665204455,0.188185187363963,0.186094945331633,0.183848348536073,0.182976981979379,0.182792915695197,0.183181938806279,0.18410341574407,0.185591466131479,0.185882384902009,0.183916178055507,0.181632716903928,0.180281466386195,0.180448693825942,0.178931088930254,0.176599414618767,0.175357239286002,0.175920228454241,0.174913805363872,0.17361006762456,0.174000722961294,0.173935914572718,0.170338778533073,0.167870187332381,0.164890436357964,0.161551566723619,0.158622247293322,0.157859230866012,0.158112789530928,0.153516028289137,0.14876440072528,0.145479590275216,0.14542517598847,0.144006577496348,0.141851509669595,0.1400915867936,0.134500134713082,0.129063894059248,0.128139276954651,0.122325930039022,0.114487075238486,0.114213225937913,0.110350369141624,0.102300812679322,0.100581062630586,0.0977611992815338,0.0884034419458594,0.0865336593222409,0.0937908254412325,0.0894735341428537,0.0886356343571135,0.0701637287855904,0.047591483158409,0.058348436016351,0.0541706344469187,0.0303905403883868,0.0493877915893586,0.045690413896008,0.038956643958723,0.0310837478309945,0.00479342748575983,0.0180289784584177,0.0164301702847164,1.4900372085801e-06,2.83021240801992e-09,6.30384189608342e-12,1.44912746102808e-14,3.40011083347265e-17,1.21269626189114e-42,1.18768151735564e-78,0,0,0,0,0,0,0,0,0,0,0,0,0,0,0,0,0,0,0,0,0,0,0,0,0,0,0,0,0,0,0,0,0,0,0,0,0,0,0,0,0,0,0,0,0,0,0,0,0,0,0,0,0,0,0,0,0,0,0,0,0,0,0,0,0,0,0,0,0,0,0,0,0,0,0,0,0,0,0,0,0,0,0,0,0,0,0,0,0,0,0,0,0,0,0,0,0,0,0,0,0,0,0,0,0,0,0,0,0,0,0,0,0,0,0,0,0,0,0,0,0,0,0,0,0,0,0,0,0,0,0,0,0,0,0,0,0,0,0,0,0,0,0,0,0,0,0,0,0,0,0,0,0,0,0,0,0,0,0,0,0,0,0,0,0,0,0,0,0,0,0,0,0,0,0,0,0,0,0,0,0,0,0,0,0,0,0,0,0,0,0,0,0,0,0,0,0,0,0,0,0,0,0,0,0,0,0,0,0,0,0,0,0,0,0,0,0,0,0,0,0,0,0,0,0,0,0,0,0,0,0,0,0,0,0,0,0,0,0,0,0,0,0,0,0,0,0,0,0,0,0,0,0,0,0,0,0,0,0,0,0,0,0,0,0,0,0,0,0,0,0,0,0,0,0,0,0,0,0,0,0,0,0,0,0,0,0,0,0,0,0,0,0,0,0,0,0,0,0,0,0,0,0,0,0,0,0,0,0,0,0,0,0,0,0,0,0,0,0,0,0,0,0,0,0,0,0,0,0,0,0,0,0,0,0,0,0,0,0,0,0,0,0,0
0,0.00475656888452554,0.00859170024857216,0.0114825755521823,0.0139547164469765,0.0163186603253301,0.0192091524354408,0.0230337849569443,0.0263735829518902,0.0281267010374061,0.0296517875470635,0.0306761991475154,0.0334550200873386,0.0381305586507795,0.0423383949385851,0.0346851613059863,0.031469015505159,0.032896457148113,0.0405654909659376,0.0568074758607213,0.0540318247757478,0.0558339967856445,0.0595163365721637,0.063973967616833,0.0691589445156982,0.0704730054512293,0.073856050855373,0.0759700767549607,0.0803640335663777,0.0816844400115726,0.0826743037875046,0.0850070721476103,0.0883423825865404,0.091427719361341,0.0765273682279305,0.0773881260798249,0.100244251878751,0.097707930896118,0.0997471234378949,0.107184026860988,0.109712099186192,0.111732636792024,0.1123819478723,0.115755076620195,0.117751594522164,0.120799561660031,0.124938655541394,0.127985849158116,0.130328436380798,0.13237539769529,0.132503172635977,0.132591718020874,0.134619883389925,0.136416383653975,0.138580558424427,0.141448657920905,0.144594872277337,0.146893456730483,0.147611143462273,0.148815259006568,0.149642926509874,0.150619130488114,0.152526217190295,0.154834340952529,0.156275695636298,0.15715950415522,0.159052390563996,0.160368709937102,0.162353258238752,0.163258138635613,0.163743674979335,0.164141385626266,0.164780707468901,0.164599640090513,0.165070455945077,0.165554456877584,0.166715020942668,0.168764327814643,0.16924296052086,0.168693755796952,0.168893853177829,0.168814610936977,0.169239479998451,0.171533054781049,0.174719938163685,0.176241414729315,0.174701872305556,0.172631749484916,0.171540628163346,0.170949986501089,0.169895392122437,0.169948155882538,0.171206562918185,0.172747223705813,0.172438538320841,0.170215619419362,0.168291783165623,0.166846552576925,0.165618494432192,0.16317855983446,0.161583167842857,0.161049291367167,0.161389473084613,0.159634196264897,0.158136435875077,0.157797749201479,0.159015925742707,0.156626567386616,0.153386473727794,0.152435942009457,0.151031557958283,0.144442189057533,0.139899209512267,0.142287673731596,0.140275414399583,0.134661368166016,0.130935241683515,0.132274767345495,0.129365892994036,0.125297018130134,0.126646837478659,0.119770845128756,0.106369867588194,0.102781769450471,0.100433566761994,0.0980439050457778,0.0948169704859878,0.0976922934480535,0.103099280536305,0.101497739442163,0.101544638916253,0.0842507436993875,0.0676929633867852,0.0723363255309516,0.0659723804975094,0.0497957337846555,0.0641256560348018,0.0541027065571656,0.0259737800412324,0.0484089943826682,0.0459847923352695,0.0394189387286801,0.0314365958054526,0.00486374021766699,0.0182254711716958,0.0166080642971618,3.2280100681823e-05,7.20712083150637e-08,1.32907126217038e-10,3.05704013018629e-13,7.07223053368991e-16,1.43495352412244e-30,2.74361649553308e-61,-2.20357432877861e-272,0,0,0,0,0,0,0,0,0,0,0,0,0,0,0,0,0,0,0,0,0,0,0,0,0,0,0,0,0,0,0,0,0,0,0,0,0,0,0,0,0,0,0,0,0,0,0,0,0,0,0,0,0,0,0,0,0,0,0,0,0,0,0,0,0,0,0,0,0,0,0,0,0,0,0,0,0,0,0,0,0,0,0,0,0,0,0,0,0,0,0,0,0,0,0,0,0,0,0,0,0,0,0,0,0,0,0,0,0,0,0,0,0,0,0,0,0,0,0,0,0,0,0,0,0,0,0,0,0,0,0,0,0,0,0,0,0,0,0,0,0,0,0,0,0,0,0,0,0,0,0,0,0,0,0,0,0,0,0,0,0,0,0,0,0,0,0,0,0,0,0,0,0,0,0,0,0,0,0,0,0,0,0,0,0,0,0,0,0,0,0,0,0,0,0,0,0,0,0,0,0,0,0,0,0,0,0,0,0,0,0,0,0,0,0,0,0,0,0,0,0,0,0,0,0,0,0,0,0,0,0,0,0,0,0,0,0,0,0,0,0,0,0,0,0,0,0,0,0,0,0,0,0,0,0,0,0,0,0,0,0,0,0,0,0,0,0,0,0,0,0,0,0,0,0,0,0,0,0,0,0,0,0,0,0,0,0,0,0,0,0,0,0,0,0,0,0,0,0,0,0,0,0,0,0,0,0,0,0,0,0,0,0,0,0,0,0,0,0,0,0,0,0,0,0,0,0,0,0,0,0,0,0,0,0,0,0,0,0,0,0,0,0,0,0,0
0,0.00338172040310741,0.00603120112965865,0.00835962262592417,0.0107464202403844,0.0132324138890896,0.0168442608108306,0.0216801661731791,0.0256727917029136,0.00995955906495563,0.0111808635620649,0.0323144654877517,0.0347500760358905,0.0381739731997279,0.0413538894859859,0.0443927475267296,0.040852513914146,0.0411674680830696,0.0493877608602813,0.0540377300892022,0.0583104835444632,0.0595155267182926,0.0619049052085761,0.0663196368278259,0.0673552312548692,0.0680666896404878,0.071941396430938,0.0755712886943988,0.0761896998830323,0.0771872912044402,0.0791430396289783,0.0811398116336016,0.0842017897468118,0.0868595875916039,0.089537237038862,0.0936963649010131,0.0971266161082777,0.0979207916297028,0.0984025989727446,0.101162948115482,0.103549654613808,0.104404427822971,0.105653139532317,0.108203718536477,0.110405949609538,0.114496664953821,0.119483719900112,0.121700987395415,0.122614352840089,0.1237882240927,0.123710297910351,0.123697816016413,0.125197618827434,0.127527620533675,0.130555008816135,0.133517619155956,0.135826018040464,0.137909455788138,0.137917034917691,0.137730975050147,0.138730697691784,0.140435100920673,0.142430886730658,0.144818222270209,0.146726573570097,0.147233138873078,0.14795092022212,0.149087953436488,0.150705442453084,0.152098361249051,0.153669847343803,0.154190909786093,0.153330005849496,0.152476622202574,0.152272155818854,0.153210746552278,0.155408590318261,0.157570184934726,0.156138883722654,0.153574416629119,0.154580876820839,0.157535279252773,0.160017524534682,0.162974852926876,0.16387091405145,0.162222599745044,0.160205223569209,0.159364176896334,0.159337556491309,0.157777584544101,0.157243346599628,0.158924388167977,0.161131844661786,0.160360025177835,0.156903569883564,0.154659366818611,0.153725179928169,0.152775307175275,0.14919990652101,0.147114206911151,0.147789816434797,0.149202480913311,0.146570996719013,0.143608916187736,0.143065988306574,0.143686677087102,0.140018591134528,0.135148376379747,0.133115431055218,0.136070921039101,0.134730961925114,0.131701977011465,0.129254801722913,0.128257524144369,0.122235546517217,0.114266178135594,0.113646916134251,0.112357583616411,0.109820228952559,0.108095194969768,0.111092999800621,0.108757967258374,0.098665030536895,0.0951874966783917,0.0930856662680109,0.0849090862365173,0.0825639919714842,0.084465533054954,0.0758253928797459,0.0689271817070734,0.0780498056674331,0.0650940303024196,0.0445035559560527,0.0625832847219655,0.060873597188914,0.0584878179706581,0.0457250367220975,0.015280003581384,0.0329954063626456,0.0313070601886107,0.00492933259164637,0.0184484925508088,0.0167996978619142,3.28287973630832e-05,7.32920417319391e-08,1.35029144244624e-10,3.10199939811377e-13,7.14023280224438e-16,3.02710891334055e-29,2.59249543452328e-57,1.11606728515923e-90,0,0,0,0,0,0,0,0,0,0,0,0,0,0,0,0,0,0,0,0,0,0,0,0,0,0,0,0,0,0,0,0,0,0,0,0,0,0,0,0,0,0,0,0,0,0,0,0,0,0,0,0,0,0,0,0,0,0,0,0,0,0,0,0,0,0,0,0,0,0,0,0,0,0,0,0,0,0,0,0,0,0,0,0,0,0,0,0,0,0,0,0,0,0,0,0,0,0,0,0,0,0,0,0,0,0,0,0,0,0,0,0,0,0,0,0,0,0,0,0,0,0,0,0,0,0,0,0,0,0,0,0,0,0,0,0,0,0,0,0,0,0,0,0,0,0,0,0,0,0,0,0,0,0,0,0,0,0,0,0,0,0,0,0,0,0,0,0,0,0,0,0,0,0,0,0,0,0,0,0,0,0,0,0,0,0,0,0,0,0,0,0,0,0,0,0,0,0,0,0,0,0,0,0,0,0,0,0,0,0,0,0,0,0,0,0,0,0,0,0,0,0,0,0,0,0,0,0,0,0,0,0,0,0,0,0,0,0,0,0,0,0,0,0,0,0,0,0,0,0,0,0,0,0,0,0,0,0,0,0,0,0,0,0,0,0,0,0,0,0,0,0,0,0,0,0,0,0,0,0,0,0,0,0,0,0,0,0,0,0,0,0,0,0,0,0,0,0,0,0,0,0,0,0,0,0,0,0,0,0,0,0,0,0,0,0,0,0,0,0,0,0,0,0,0,0,0,0,0,0,0,0,0,0,0,0,0,0,0,0,0,0,0,0,0,0,0,0,0
0,0.00176277842740736,0.00314159698331111,0.00455002776618131,0.00624125720787295,0.00799410416518281,0.0117591055871596,0.0176754099823314,0.0225930923323262,0.0263089807691746,0.0297705988238811,0.0334456294208228,0.0365146953180297,0.038755028826069,0.0411690728031696,0.0441030383702965,0.0460701272754016,0.0462454551018004,0.0481624381137218,0.0523793475436266,0.056547695711657,0.0595558375995128,0.060995919676977,0.0625125737970251,0.0634675859121041,0.0645053614593684,0.0670938585099014,0.0685832762013855,0.0684518883421597,0.0698694962886394,0.0740107831230288,0.077866822078946,0.0810957312815139,0.0834590607897728,0.0856850935180183,0.089855965004538,0.0926469971570491,0.0928591516214534,0.0920972333210405,0.0920940705958053,0.0929610774464221,0.0943731554248716,0.0971713320423285,0.10121327245863,0.104461457603452,0.108689444229994,0.113470985943282,0.115355907290745,0.115278979897184,0.11442849188114,0.113957629577855,0.114337873397759,0.116112386920445,0.119971646262227,0.123595368022711,0.126872114659568,0.128090558338702,0.127981045313764,0.127023821627509,0.126367503202935,0.128577897429256,0.132843586356501,0.136104310644301,0.138034663667197,0.137785892705209,0.136329469504438,0.135266766032658,0.137157357316577,0.140925080178041,0.143845250077106,0.145839087782077,0.144439211108312,0.141476981086278,0.141413059980216,0.143699638132339,0.145912872222105,0.147509375287114,0.146024701938478,0.141475373198055,0.139430207537478,0.141904456587572,0.147232206762847,0.150340737917237,0.151069224585976,0.149529690208031,0.147938943061223,0.147231874447033,0.146765147742523,0.144442948405577,0.143527566252996,0.146009454931225,0.149590279146458,0.149056938367224,0.144241562428179,0.140616240603075,0.139729488554923,0.140029016712619,0.136476434580193,0.13333619351345,0.134689341185813,0.138294095251166,0.137070813278184,0.130649731087698,0.126313843702341,0.129157160980262,0.127632475506928,0.122177231091065,0.117778059491021,0.119669770990477,0.119693185885921,0.116645328123439,0.115379493731171,0.118345514558266,0.112754759382636,0.101813131936308,0.0983404223791208,0.0960466554533426,0.0938392785330166,0.0923839297541812,0.0966628294121968,0.0970885392754972,0.0876077230849564,0.0820954424187183,0.0833155984243997,0.0754040326671672,0.0656525640520386,0.0726175209914151,0.065550802347324,0.0480281950936761,0.0601229176051454,0.0558159012470497,0.0309773514654598,0.0470696491508642,0.0438870836352089,0.0155485536882704,0.0356780211235896,0.0321690724121903,0.0205378000280427,0.0167480424763002,0.000803927657526986,3.33665791164531e-05,7.44893466774796e-08,1.36921597237771e-10,3.14592912545478e-13,7.27623723710096e-16,3.07161928582684e-29,2.70923991511432e-57,1.18029445140152e-90,0,0,0,0,0,0,0,0,0,0,0,0,0,0,0,0,0,0,0,0,0,0,0,0,0,0,0,0,0,0,0,0,0,0,0,0,0,0,0,0,0,0,0,0,0,0,0,0,0,0,0,0,0,0,0,0,0,0,0,0,0,0,0,0,0,0,0,0,0,0,0,0,0,0,0,0,0,0,0,0,0,0,0,0,0,0,0,0,0,0,0,0,0,0,0,0,0,0,0,0,0,0,0,0,0,0,0,0,0,0,0,0,0,0,0,0,0,0,0,0,0,0,0,0,0,0,0,0,0,0,0,0,0,0,0,0,0,0,0,0,0,0,0,0,0,0,0,0,0,0,0,0,0,0,0,0,0,0,0,0,0,0,0,0,0,0,0,0,0,0,0,0,0,0,0,0,0,0,0,0,0,0,0,0,0,0,0,0,0,0,0,0,0,0,0,0,0,0,0,0,0,0,0,0,0,0,0,0,0,0,0,0,0,0,0,0,0,0,0,0,0,0,0,0,0,0,0,0,0,0,0,0,0,0,0,0,0,0,0,0,0,0,0,0,0,0,0,0,0,0,0,0,0,0,0,0,0,0,0,0,0,0,0,0,0,0,0,0,0,0,0,0,0,0,0,0,0,0,0,0,0,0,0,0,0,0,0,0,0,0,0,0,0,0,0,0,0,0,0,0,0,0,0,0,0,0,0,0,0,0,0,0,0,0,0,0,0,0,0,0,0,0,0,0,0,0,0,0,0,0,0,0,0,0,0,0,0,0,0,0,0,0,0,0,0,0,0,0,0,0,0,0
0,0.00157493455574546,0.00308354635622193,0.00442038736546816,0.00579657988593492,0.00705932110855102,0.0103954903156061,0.0159936967240006,0.020863509388375,0.0247910929581423,0.0284948725674245,0.0327406049678712,0.0360999302858888,0.0382824297884133,0.0410335576763228,0.044228250738364,0.0468260918302839,0.0484704308713865,0.0498118156090111,0.0510884972080786,0.0522337590325156,0.0529925361185599,0.053206110902408,0.0538137620601379,0.0545873290827992,0.0560871027023302,0.0590694187281534,0.0614025003815082,0.0624800588721614,0.0650733144539767,0.0709549244096695,0.0763805473831723,0.0803670713654607,0.0834483972840812,0.0847535779953513,0.0856406110661723,0.0851166198334881,0.0839378830758088,0.0827480181196428,0.0811476231882977,0.0821335962929445,0.0861337861760663,0.0910727453736068,0.0966961407768002,0.10144282544453,0.104803810232289,0.106349079581717,0.106001955036971,0.104842581461175,0.103105596572197,0.103795036851083,0.106977244915829,0.110057543202868,0.115246671815123,0.118205698700279,0.118721510545264,0.117272800309598,0.114961542462037,0.115077073315253,0.117557417139377,0.121498312661273,0.127294410911604,0.130292439054039,0.129242967388805,0.126337535234403,0.124212559486167,0.124296915976688,0.127455734024247,0.132215798599045,0.13433128313432,0.133001645968246,0.12913429207942,0.127730050386935,0.130337859762661,0.135394085216411,0.137635115827924,0.135613138817952,0.130872314069838,0.127934447601383,0.129376235353993,0.132905772112479,0.134918165534836,0.135099038224249,0.135968189780126,0.138103887650679,0.138364675124766,0.13744374348472,0.133060784963981,0.130298757634465,0.132587211874902,0.137363898808083,0.137630598647411,0.131788622734947,0.126201880468356,0.12483360996725,0.127247439188303,0.125668674282087,0.118593087629525,0.114365172131107,0.11933250795434,0.123261375847916,0.120706174050035,0.117738824402943,0.117305942469656,0.120606376024253,0.116505404434888,0.109203011018274,0.10915082510283,0.107382310528372,0.10101461294264,0.0931928978787714,0.0949171543004383,0.0972633673312629,0.096645660704496,0.0925924182768328,0.0931072324923028,0.0922049056602515,0.0833727736895971,0.0810388238857006,0.0847165081514313,0.0732038796312671,0.0528661335808131,0.0469244705184308,0.067573904891542,0.0633153474835989,0.0451478445821216,0.0632342889163093,0.0550621965194667,0.0269758375068082,0.0500653346283531,0.0475132730245204,0.0408827742485132,0.0323660323195609,0.0051653522461557,0.0182912576971294,0.0169597990482286,0.000785919811556686,1.58926250365439e-06,2.99618251392637e-09,1.3876834429345e-10,3.18887281773928e-13,7.34423945534269e-16,3.11514309123557e-29,2.82792157790886e-57,1.24607248699438e-90,0,0,0,0,0,0,0,0,0,0,0,0,0,0,0,0,0,0,0,0,0,0,0,0,0,0,0,0,0,0,0,0,0,0,0,0,0,0,0,0,0,0,0,0,0,0,0,0,0,0,0,0,0,0,0,0,0,0,0,0,0,0,0,0,0,0,0,0,0,0,0,0,0,0,0,0,0,0,0,0,0,0,0,0,0,0,0,0,0,0,0,0,0,0,0,0,0,0,0,0,0,0,0,0,0,0,0,0,0,0,0,0,0,0,0,0,0,0,0,0,0,0,0,0,0,0,0,0,0,0,0,0,0,0,0,0,0,0,0,0,0,0,0,0,0,0,0,0,0,0,0,0,0,0,0,0,0,0,0,0,0,0,0,0,0,0,0,0,0,0,0,0,0,0,0,0,0,0,0,0,0,0,0,0,0,0,0,0,0,0,0,0,0,0,0,0,0,0,0,0,0,0,0,0,0,0,0,0,0,0,0,0,0,0,0,0,0,0,0,0,0,0,0,0,0,0,0,0,0,0,0,0,0,0,0,0,0,0,0,0,0,0,0,0,0,0,0,0,0,0,0,0,0,0,0,0,0,0,0,0,0,0,0,0,0,0,0,0,0,0,0,0,0,0,0,0,0,0,0,0,0,0,0,0,0,0,0,0,0,0,0,0,0,0,0,0,0,0,0,0,0,0,0,0,0,0,0,0,0,0,0,0,0,0,0,0,0,0,0,0,0,0,0,0,0,0,0,0,0,0,0,0,0,0,0,0,0,0,0,0,0,0,0,0,0,0,0,0,0,0,0,0,0,0,0
0,0.00243209005839203,0.00505927536761367,0.00735795530891024,0.00958417018027608,0.0120953142761553,0.0148458319226795,0.0181025143924746,0.0216314261507515,0.0248446459314799,0.0279028353911127,0.0313429649287446,0.0339481546345206,0.0355116554634427,0.0375516302597081,0.0397086966734457,0.0419947540685349,0.0447121083155556,0.0458302165098744,0.0450027910431263,0.0438088883056028,0.0437080342054975,0.0449889250044652,0.0467292286159274,0.0489710282039668,0.0520162845058883,0.0565313371794152,0.0608487276568248,0.0646054474211194,0.0677641263875782,0.0713132332574191,0.0743771116834817,0.0763077226979424,0.0775485924981193,0.0768539281626422,0.0749472637734917,0.0722033608880022,0.0715701704169406,0.0734958751209359,0.0751468078898724,0.0788802647078719,0.086171851277901,0.0919460176355256,0.0949466438106926,0.096854096565335,0.0968680921381685,0.0948955863385878,0.0930925158142379,0.093137087724786,0.0949330944933486,0.0984564412296323,0.104654878166153,0.108126083751992,0.110161740254497,0.10933554935723,0.106438858885035,0.103652216280643,0.102735722098324,0.105769133755819,0.111753426656564,0.116083787667412,0.118478123683224,0.117965152474632,0.114425150096089,0.113153860082163,0.115892953394195,0.119679796579139,0.123150408099511,0.123536747385429,0.121548505202955,0.117779354202264,0.116019072451332,0.119178320435354,0.124033553855215,0.126653340401482,0.12577569721572,0.12154143849868,0.119219837534885,0.120857111718641,0.12436669528526,0.124146834868164,0.120790932249606,0.119894715113923,0.121584905437618,0.126662062088623,0.127561714910077,0.122486348766671,0.117021452022029,0.117048301240117,0.122115733520453,0.123953169869529,0.117981769784132,0.109338126640373,0.105250131507612,0.109313985705407,0.113271739475277,0.110503148818919,0.105921506778442,0.104739654640071,0.109788814304769,0.109909603709233,0.104122551107747,0.10084868826793,0.105763605515216,0.107313904785896,0.104904512704601,0.101458020326281,0.103639539208767,0.099741603599232,0.0876527488057439,0.0807936758096816,0.0794287981831001,0.0827218620732433,0.0808641585134518,0.0807828877489144,0.0833808957509797,0.0723585657624057,0.0524166006486103,0.0473488797142228,0.0686735507408248,0.0638338138152161,0.0441113587931997,0.0582565405090819,0.0547061276681044,0.0314310473309341,0.0480710346037728,0.0447986912101215,0.0157998381067598,0.0341305672943115,0.0323489994835656,0.00514434017747781,0.0191475857001145,0.0173975052966506,3.51098333199437e-05,1.61332778856733e-06,3.03567212773564e-09,6.74840150758311e-12,1.55317088634575e-14,7.48024389016435e-16,3.15763213779412e-29,2.94635298162866e-57,1.32569041679988e-90,0,0,0,0,0,0,0,0,0,0,0,0,0,0,0,0,0,0,0,0,0,0,0,0,0,0,0,0,0,0,0,0,0,0,0,0,0,0,0,0,0,0,0,0,0,0,0,0,0,0,0,0,0,0,0,0,0,0,0,0,0,0,0,0,0,0,0,0,0,0,0,0,0,0,0,0,0,0,0,0,0,0,0,0,0,0,0,0,0,0,0,0,0,0,0,0,0,0,0,0,0,0,0,0,0,0,0,0,0,0,0,0,0,0,0,0,0,0,0,0,0,0,0,0,0,0,0,0,0,0,0,0,0,0,0,0,0,0,0,0,0,0,0,0,0,0,0,0,0,0,0,0,0,0,0,0,0,0,0,0,0,0,0,0,0,0,0,0,0,0,0,0,0,0,0,0,0,0,0,0,0,0,0,0,0,0,0,0,0,0,0,0,0,0,0,0,0,0,0,0,0,0,0,0,0,0,0,0,0,0,0,0,0,0,0,0,0,0,0,0,0,0,0,0,0,0,0,0,0,0,0,0,0,0,0,0,0,0,0,0,0,0,0,0,0,0,0,0,0,0,0,0,0,0,0,0,0,0,0,0,0,0,0,0,0,0,0,0,0,0,0,0,0,0,0,0,0,0,0,0,0,0,0,0,0,0,0,0,0,0,0,0,0,0,0,0,0,0,0,0,0,0,0,0,0,0,0,0,0,0,0,0,0,0,0,0,0,0,0,0,0,0,0,0,0,0,0,0,0,0,0,0,0,0,0,0,0,0,0,0,0,0,0,0,0,0,0,0,0,0,0,0,0,0,0,0,0,0
0,0.00270741249524225,0.00531320678904739,0.0076115146352945,0.00996869035987718,0.0131131625834148,0.0152491653903115,0.0170565502090033,0.0203134145688769,0.0235772898745027,0.0265636094357418,0.0294422154841587,0.0312255247732532,0.0317151408148787,0.0320101626130379,0.0317777567864479,0.0332211983202809,0.0372333472097403,0.0396925343719129,0.0400078563474631,0.0400064583119107,0.0413279517056097,0.0444143909607235,0.0479139101099292,0.0524627519560948,0.056094334709274,0.0588138829516504,0.0616189533980599,0.0647170754270518,0.0663430879046879,0.066100957299306,0.065783657829756,0.0653938622407631,0.0644755641185062,0.0636597917865971,0.063726893543921,0.0636497477320569,0.0657133777989125,0.071031962686039,0.0769757519937051,0.0822691796909967,0.087376586112791,0.0896562436170256,0.0877053736146637,0.0855454316121984,0.0829694121211894,0.0811703794650791,0.0827589382163297,0.0861280713871451,0.0922999061725696,0.0975336868899576,0.1015652067143,0.101803484423602,0.0994981760099791,0.0958358757243796,0.0934727137155571,0.0950100480232793,0.0987353127931794,0.10399707428549,0.107944186948325,0.108719230615793,0.106745650922068,0.103465116675285,0.100733104465828,0.102110296260812,0.108639003716363,0.113929232019649,0.114305366258949,0.110053324499864,0.106907036957905,0.106495726819117,0.108654247237641,0.114130237347641,0.116590372415463,0.115162346331774,0.111481444128537,0.108778415364869,0.110819719193114,0.115895981937284,0.117268319319981,0.112824491597382,0.108766927873245,0.109961161861445,0.114206464573778,0.116457784570156,0.112903405298622,0.106152194440868,0.103564696564593,0.107937436507139,0.111439514748643,0.107209653265486,0.0977506639963965,0.0912901476438511,0.0937358872330072,0.098505865316543,0.0981646087123552,0.0936843264042814,0.0931596028246152,0.0992616269122636,0.100343598135227,0.0948646730191635,0.0884647729046653,0.0904405683802326,0.0921882146569183,0.0889223823064955,0.0826172308948272,0.0805798302747358,0.0810212255189292,0.0850796617896221,0.0805180117127284,0.076583850054284,0.0796544409700421,0.0707676665463755,0.0526156814018959,0.0478011990556828,0.0687515064128515,0.064165709386418,0.0445365852513662,0.0588054101173648,0.0552989855011796,0.0313444008756486,0.0476528945475308,0.0452211061626712,0.0161246793635294,0.0345168085907573,0.0326188714571904,0.00531112200644125,0.0187314649989142,0.0173080978035401,0.000843576163958141,3.50727563343838e-05,7.82850139440041e-08,1.42900978072778e-10,6.8330426052439e-12,1.5725515246223e-14,3.74012191691339e-17,1.58501868506439e-42,3.06656334932756e-57,1.39448635549851e-90,0,0,0,0,0,0,0,0,0,0,0,0,0,0,0,0,0,0,0,0,0,0,0,0,0,0,0,0,0,0,0,0,0,0,0,0,0,0,0,0,0,0,0,0,0,0,0,0,0,0,0,0,0,0,0,0,0,0,0,0,0,0,0,0,0,0,0,0,0,0,0,0,0,0,0,0,0,0,0,0,0,0,0,0,0,0,0,0,0,0,0,0,0,0,0,0,0,0,0,0,0,0,0,0,0,0,0,0,0,0,0,0,0,0,0,0,0,0,0,0,0,0,0,0,0,0,0,0,0,0,0,0,0,0,0,0,0,0,0,0,0,0,0,0,0,0,0,0,0,0,0,0,0,0,0,0,0,0,0,0,0,0,0,0,0,0,0,0,0,0,0,0,0,0,0,0,0,0,0,0,0,0,0,0,0,0,0,0,0,0,0,0,0,0,0,0,0,0,0,0,0,0,0,0,0,0,0,0,0,0,0,0,0,0,0,0,0,0,0,0,0,0,0,0,0,0,0,0,0,0,0,0,0,0,0,0,0,0,0,0,0,0,0,0,0,0,0,0,0,0,0,0,0,0,0,0,0,0,0,0,0,0,0,0,0,0,0,0,0,0,0,0,0,0,0,0,0,0,0,0,0,0,0,0,0,0,0,0,0,0,0,0,0,0,0,0,0,0,0,0,0,0,0,0,0,0,0,0,0,0,0,0,0,0,0,0,0,0,0,0,0,0,0,0,0,0,0,0,0,0,0,0,0,0,0,0,0,0,0,0,0,0,0,0,0,0,0,0,0,0,0,0,0,0,0,0,0,0,0,0,0
0,0.00259370734597574,0.00410388234307618,0.00515674827671488,0.0063762797161806,0.00858024319437695,0.00965722061251352,0.0118085166364631,0.0169640359794948,0.0217464146734694,0.0257768901358281,0.0291895063901295,0.0313222850782431,0.0319325067385895,0.0316493744854651,0.0304301871107385,0.0309265853888995,0.0345007595629693,0.0375225119784277,0.0395646091494607,0.0424027246794692,0.0448003409389997,0.0465373591577492,0.0488179152281687,0.052750455408686,0.0554016856608006,0.0558597117187904,0.0561882931170531,0.0572093128248848,0.0573196667502721,0.0549304823081587,0.0539155312522607,0.0548975869314217,0.0556329569632766,0.0568908006172944,0.0602834466817282,0.064767384048878,0.0688980774305297,0.0727717581077151,0.0771464578923719,0.0796670119368094,0.0801142361517384,0.0786281884821113,0.0738505078585635,0.0714742736288273,0.0720838689709562,0.0740976303270017,0.0806977700929842,0.0866099277304184,0.0912683424011761,0.0932753347787856,0.0924072419115433,0.0886704192714494,0.0848673948124754,0.0834631350861726,0.0840466113783491,0.0903341259675565,0.0969192991063734,0.100257202575085,0.0995259314883696,0.0958581866788223,0.0931208085941706,0.0937676448355304,0.0960985117209531,0.100624765831056,0.104592831987247,0.105394867858015,0.100602853881164,0.0951634581872361,0.0936429566878506,0.0977621767986841,0.102785324737187,0.105261413893362,0.102238577535772,0.0982951860475993,0.0972048838839361,0.0986474106145076,0.105166965080785,0.109289018744339,0.106418295177653,0.100483902435611,0.0987975688420237,0.103576935624248,0.10687294599509,0.103614087431267,0.0964702449985278,0.0918260444578976,0.0949685928958069,0.0992474808392808,0.0970411972960525,0.0885992529936562,0.0815788209188523,0.082153370662463,0.0854011899513832,0.0857343652076104,0.0827265118974311,0.081786275662926,0.0877017574916442,0.0908291070392717,0.087162853082462,0.0797376454521192,0.0772339902934175,0.0779182302906006,0.0794325190450824,0.0727587272256853,0.0646000589682982,0.0624874367827559,0.0710492632109919,0.0676096326471838,0.0513716645747672,0.046278624611366,0.0682975686637892,0.0644066201964234,0.0450560066507716,0.0593911992993319,0.0557513716490815,0.0317272459369076,0.0481456871232547,0.0456796800646725,0.0135090152069049,0.00520778739464357,0.0361094286304485,0.0335191929582005,0.00304750772927455,0.0194401634953131,0.0177802745564189,3.6283324643472e-05,1.66663031683288e-06,3.1241384952238e-09,1.44565025445996e-10,3.3236201559854e-13,7.65024943533735e-16,3.74012191695114e-17,1.62466914909368e-42,3.66418647587619e-73,2.89395721075567e-97,0,0,0,0,0,0,0,0,0,0,0,0,0,0,0,0,0,0,0,0,0,0,0,0,0,0,0,0,0,0,0,0,0,0,0,0,0,0,0,0,0,0,0,0,0,0,0,0,0,0,0,0,0,0,0,0,0,0,0,0,0,0,0,0,0,0,0,0,0,0,0,0,0,0,0,0,0,0,0,0,0,0,0,0,0,0,0,0,0,0,0,0,0,0,0,0,0,0,0,0,0,0,0,0,0,0,0,0,0,0,0,0,0,0,0,0,0,0,0,0,0,0,0,0,0,0,0,0,0,0,0,0,0,0,0,0,0,0,0,0,0,0,0,0,0,0,0,0,0,0,0,0,0,0,0,0,0,0,0,0,0,0,0,0,0,0,0,0,0,0,0,0,0,0,0,0,0,0,0,0,0,0,0,0,0,0,0,0,0,0,0,0,0,0,0,0,0,0,0,0,0,0,0,0,0,0,0,0,0,0,0,0,0,0,0,0,0,0,0,0,0,0,0,0,0,0,0,0,0,0,0,0,0,0,0,0,0,0,0,0,0,0,0,0,0,0,0,0,0,0,0,0,0,0,0,0,0,0,0,0,0,0,0,0,0,0,0,0,0,0,0,0,0,0,0,0,0,0,0,0,0,0,0,0,0,0,0,0,0,0,0,0,0,0,0,0,0,0,0,0,0,0,0,0,0,0,0,0,0,0,0,0,0,0,0,0,0,0,0,0,0,0,0,0,0,0,0,0,0,0,0,0,0,0,0,0,0,0,0,0,0,0,0,0,0,0,0,0,0,0,0,0,0,0,0,0,0,0,0,0,0,0,0,0
0,0.00481457063351572,0.00725294420244577,0.00850001148814979,0.00946124496750002,0.0109278752484862,0.0113931473770723,0.0131142295928698,0.0173401946625863,0.0212055642349274,0.0244125991437926,0.0270468200185852,0.0288167322078392,0.0296785728256351,0.0300577181733085,0.0305778058092868,0.0306327396449712,0.0312120453309156,0.0326745271198403,0.0349780533490741,0.0391878014373471,0.0423750413440314,0.0436256457097341,0.0450148902685888,0.0479046151874358,0.0499595557974232,0.0493651960207526,0.0475970921137639,0.0474357690703639,0.0485268121172896,0.0478047783667355,0.0484474689737899,0.051597510613598,0.0557005407067804,0.0587374381834311,0.0612117871999217,0.0650673700825466,0.0677243845749776,0.0679698437567361,0.0684537806806947,0.0674330828335961,0.0662596930640913,0.0664407242641137,0.0652109095006503,0.0663552934761458,0.071923250753366,0.0768413974162581,0.0819313435044631,0.0848174010146386,0.0845845563183005,0.0814516838597582,0.0776664786754323,0.0753421163839322,0.0743278755098668,0.0786111637298036,0.0834637338129571,0.0889097018476254,0.0922010772199358,0.0903502619467829,0.0845271832814719,0.0793647122420704,0.0789890353564057,0.0856967107182749,0.0935570197739944,0.0978916423343463,0.0971278650573851,0.0916101314999073,0.0851197164474342,0.0844903762644887,0.0893645789081365,0.0951320317566783,0.0977845078456517,0.0930773376392069,0.085456271391932,0.0813190392456293,0.0856556981917516,0.0921432449116933,0.0964302368476972,0.0942741243054571,0.0885891214155265,0.0866246576765078,0.0916562342648721,0.0969895014985404,0.0951825582047182,0.0875499108747538,0.0819421417116808,0.0832366759771763,0.0866494859125119,0.0862855430581028,0.0806891138001677,0.0745240318743964,0.0722879626254145,0.072229850807259,0.073592012049084,0.0743810914504494,0.0738190324909862,0.0754877684194425,0.0779467892770156,0.0796945343177211,0.072852591693843,0.0643670090569948,0.0624567193431671,0.0711869768124059,0.0667138581752132,0.0507092029953708,0.0455121561321235,0.0631474622312673,0.0608972382716422,0.0373701969467774,0.0288788589815191,0.0549104654342108,0.0556099078480985,0.0320636307378482,0.0486219382011775,0.0461156576767483,0.0136771621196781,0.00527187658666057,0.0365135047852778,0.0338794367737434,0.0030860121678936,0.0188128929756976,0.0176921638461362,0.000836131986428854,1.70291381772827e-06,8.07545591717398e-08,1.46727564548392e-10,7.01899188977415e-12,1.61573294712833e-14,4.08013302946516e-17,3.62051574840252e-29,4.01449783755253e-57,3.83125456697682e-73,2.94329996667002e-109,0,0,0,0,0,0,0,0,0,0,0,0,0,0,0,0,0,0,0,0,0,0,0,0,0,0,0,0,0,0,0,0,0,0,0,0,0,0,0,0,0,0,0,0,0,0,0,0,0,0,0,0,0,0,0,0,0,0,0,0,0,0,0,0,0,0,0,0,0,0,0,0,0,0,0,0,0,0,0,0,0,0,0,0,0,0,0,0,0,0,0,0,0,0,0,0,0,0,0,0,0,0,0,0,0,0,0,0,0,0,0,0,0,0,0,0,0,0,0,0,0,0,0,0,0,0,0,0,0,0,0,0,0,0,0,0,0,0,0,0,0,0,0,0,0,0,0,0,0,0,0,0,0,0,0,0,0,0,0,0,0,0,0,0,0,0,0,0,0,0,0,0,0,0,0,0,0,0,0,0,0,0,0,0,0,0,0,0,0,0,0,0,0,0,0,0,0,0,0,0,0,0,0,0,0,0,0,0,0,0,0,0,0,0,0,0,0,0,0,0,0,0,0,0,0,0,0,0,0,0,0,0,0,0,0,0,0,0,0,0,0,0,0,0,0,0,0,0,0,0,0,0,0,0,0,0,0,0,0,0,0,0,0,0,0,0,0,0,0,0,0,0,0,0,0,0,0,0,0,0,0,0,0,0,0,0,0,0,0,0,0,0,0,0,0,0,0,0,0,0,0,0,0,0,0,0,0,0,0,0,0,0,0,0,0,0,0,0,0,0,0,0,0,0,0,0,0,0,0,0,0,0,0,0,0,0,0,0,0,0,0,0,0,0,0,0,0,0,0,0,0,0,0,0,0,0,0,0,0,0,0,0,0,0,0,0,0
0,0.0051850183009151,0.00830185017983552,0.00975042263282417,0.0106531857762926,0.0120528249778993,0.0137995731170941,0.0146882806270234,0.0153415218208739,0.0168391297118989,0.0188135739371788,0.0207178413101795,0.0220824612933842,0.0229721053350769,0.0239756018833239,0.0260511352777182,0.0271469299984202,0.0273781045873878,0.0286911608566529,0.0314847056747196,0.0361276139745356,0.0392015083696083,0.0396455297524537,0.038965340980716,0.040557015522868,0.0435934321767522,0.0445201852908506,0.0441184138645191,0.0445960601945037,0.0465087200820953,0.0484240637701997,0.0499926671869194,0.0515992001824029,0.0551808751198888,0.0579836186271122,0.0589138736040058,0.0605215019513807,0.0607210251566507,0.0576046120606002,0.0561203377558652,0.0561629144869941,0.0566438572515676,0.0599466289905036,0.0644072799775192,0.0687430216945819,0.0730083747276213,0.0752597866129655,0.0754791589379415,0.0731544264672874,0.0700551785682575,0.0678292572173502,0.0659746978898936,0.0685184895288143,0.0715035013319686,0.0755897209800411,0.0790847308307766,0.0804651338059688,0.0783425316595657,0.0740839069709558,0.0712722448947952,0.0715707075410248,0.0761792800045078,0.0828412609147951,0.0886305947015251,0.0880093827211055,0.083710184147297,0.0790133681254197,0.0764827925030356,0.0811758913528128,0.0873342813039544,0.0904551579490688,0.0863503152274119,0.077810964796701,0.0735522868985827,0.07538977700157,0.0800970955683161,0.0840973459705913,0.0821036885626581,0.0774487607695165,0.0763625724304927,0.0807915395476715,0.0857332317323232,0.0859212809906251,0.0803836551633162,0.0745943307903334,0.072898685433305,0.0731039918161789,0.0743248107060738,0.0739478612426981,0.0698374383276514,0.0633200878516408,0.0578150077608908,0.0605026660575107,0.0682636411479969,0.0686400033337669,0.0634534489593803,0.0627472077751662,0.0716710843170936,0.0671749807912423,0.0510794870977147,0.0458783843578189,0.0636870743204243,0.0614129635975683,0.0375766665389333,0.0291751281488243,0.0554485034865894,0.0547816273001672,0.024800810633854,0.0150088326900813,0.0461873438274056,0.0457570478391408,0.0138229279440335,0.00533276838541998,0.0368974494410835,0.0342214631083779,0.00312242644587019,0.0190246046833228,0.0178826407831578,0.000849236341508764,1.73138895870381e-06,8.2100980501861e-08,1.54249407156297e-10,7.11936489080728e-12,1.63953942784438e-14,7.88825719695628e-16,8.33969944144728e-28,1.71584931155349e-42,4.43989391625974e-73,1.94690794656271e-90,0,0,0,0,0,0,0,0,0,0,0,0,0,0,0,0,0,0,0,0,0,0,0,0,0,0,0,0,0,0,0,0,0,0,0,0,0,0,0,0,0,0,0,0,0,0,0,0,0,0,0,0,0,0,0,0,0,0,0,0,0,0,0,0,0,0,0,0,0,0,0,0,0,0,0,0,0,0,0,0,0,0,0,0,0,0,0,0,0,0,0,0,0,0,0,0,0,0,0,0,0,0,0,0,0,0,0,0,0,0,0,0,0,0,0,0,0,0,0,0,0,0,0,0,0,0,0,0,0,0,0,0,0,0,0,0,0,0,0,0,0,0,0,0,0,0,0,0,0,0,0,0,0,0,0,0,0,0,0,0,0,0,0,0,0,0,0,0,0,0,0,0,0,0,0,0,0,0,0,0,0,0,0,0,0,0,0,0,0,0,0,0,0,0,0,0,0,0,0,0,0,0,0,0,0,0,0,0,0,0,0,0,0,0,0,0,0,0,0,0,0,0,0,0,0,0,0,0,0,0,0,0,0,0,0,0,0,0,0,0,0,0,0,0,0,0,0,0,0,0,0,0,0,0,0,0,0,0,0,0,0,0,0,0,0,0,0,0,0,0,0,0,0,0,0,0,0,0,0,0,0,0,0,0,0,0,0,0,0,0,0,0,0,0,0,0,0,0,0,0,0,0,0,0,0,0,0,0,0,0,0,0,0,0,0,0,0,0,0,0,0,0,0,0,0,0,0,0,0,0,0,0,0,0,0,0,0,0,0,0,0,0,0,0,0,0,0,0,0,0,0,0,0,0,0,0,0,0,0,0,0,0,0,0,0,0,0,0,0,0,0
0,0.003939866774545,0.00684999429900029,0.0080717794534345,0.00844821085346847,0.0090262547446915,0.0105254574510587,0.0109675923648145,0.0106851894848383,0.0120689858247691,0.0144624869590483,0.016877404201207,0.0186707613285812,0.0198231587951217,0.0213738388411043,0.0240983230966134,0.0256636566165166,0.0259893492350075,0.02645247187045,0.0294605104175432,0.0352103290823315,0.0387930877384782,0.0395977450354749,0.038625722697582,0.0386004915439746,0.0403152738820418,0.0416520634500143,0.043581635785305,0.0440107533357095,0.0430331768520928,0.0436555558842348,0.0448589429781909,0.0460349562420082,0.0493391653878818,0.0520069739149528,0.0514636638134053,0.0519937000943072,0.0531726536163613,0.0516449754364098,0.0513734784028517,0.0542229393329663,0.0565343718587773,0.0590612223725916,0.0634910065145505,0.0667102465516161,0.0675973521426339,0.0656769545716373,0.0633987463203792,0.0619433454979227,0.0603846443171448,0.0620908069960736,0.0633784876912697,0.0656769315945089,0.0681713358609097,0.0693152576017529,0.068036215881648,0.0662737350547025,0.0650445096231023,0.0633082565457002,0.0664803521658301,0.0717643059059995,0.0762748801296883,0.0784942529795631,0.0761580138415148,0.0708702531051363,0.0677737884602146,0.0691847804968537,0.0711345911276074,0.0734911681637053,0.0744633090718327,0.0744414651988627,0.0719095583194184,0.0682866084928103,0.0689716049934679,0.0699361837603332,0.0704865780473672,0.0716046061942944,0.070541540766697,0.0685586809077648,0.0698832741255069,0.0722259819882389,0.0743753821614374,0.074134228412089,0.0700516557822692,0.063709537928777,0.05842328567225,0.0611090152393939,0.0684195970590561,0.0668764175980728,0.0546929450135224,0.0426533206180034,0.0467264763668237,0.0635714301194427,0.0648806823509591,0.0509245305320869,0.0462627610951302,0.0640428969281457,0.0618744536885928,0.0377746578297439,0.0281060721474726,0.0548854812804953,0.056304181942104,0.0252830097397966,0.014630851567557,0.0457895439829749,0.0466563276283142,0.0139646637392484,0.00520456050707729,0.0347829868882427,0.0338573315326248,0.0055838651900712,0.000477630012795804,0.0192257157827033,0.0180635068664004,0.000861753837165773,1.75812693599119e-06,8.33804488017988e-08,1.56046073542993e-10,7.21549759383834e-12,3.45697347864904e-13,7.95625941550259e-16,3.74012191707512e-17,1.92730755411749e-42,3.97713068360081e-57,2.264187237928e-90,3.58070077010704e-109,0,0,0,0,0,0,0,0,0,0,0,0,0,0,0,0,0,0,0,0,0,0,0,0,0,0,0,0,0,0,0,0,0,0,0,0,0,0,0,0,0,0,0,0,0,0,0,0,0,0,0,0,0,0,0,0,0,0,0,0,0,0,0,0,0,0,0,0,0,0,0,0,0,0,0,0,0,0,0,0,0,0,0,0,0,0,0,0,0,0,0,0,0,0,0,0,0,0,0,0,0,0,0,0,0,0,0,0,0,0,0,0,0,0,0,0,0,0,0,0,0,0,0,0,0,0,0,0,0,0,0,0,0,0,0,0,0,0,0,0,0,0,0,0,0,0,0,0,0,0,0,0,0,0,0,0,0,0,0,0,0,0,0,0,0,0,0,0,0,0,0,0,0,0,0,0,0,0,0,0,0,0,0,0,0,0,0,0,0,0,0,0,0,0,0,0,0,0,0,0,0,0,0,0,0,0,0,0,0,0,0,0,0,0,0,0,0,0,0,0,0,0,0,0,0,0,0,0,0,0,0,0,0,0,0,0,0,0,0,0,0,0,0,0,0,0,0,0,0,0,0,0,0,0,0,0,0,0,0,0,0,0,0,0,0,0,0,0,0,0,0,0,0,0,0,0,0,0,0,0,0,0,0,0,0,0,0,0,0,0,0,0,0,0,0,0,0,0,0,0,0,0,0,0,0,0,0,0,0,0,0,0,0,0,0,0,0,0,0,0,0,0,0,0,0,0,0,0,0,0,0,0,0,0,0,0,0,0,0,0,0,0,0,0,0,0,0,0,0,0,0,0,0,0,0,0,0,0,0,0,0,0,0,0,0,0,0,0,0,0,0,0,0,0
0,0.00227933384421303,0.00443917227781917,0.00561278148253591,0.00609308039195342,0.00648357894036228,0.00760271815999196,0.00823431345369009,0.00869815522102743,0.0106151691117301,0.0130348079940503,0.0151707519976705,0.0170148461224481,0.018501675831158,0.0225010760176058,0.0287329587762427,0.0320856695280175,0.0325318175549181,0.031626879694833,0.0321440680120864,0.0349038310222425,0.0365372049137324,0.036673380487009,0.0362560549615806,0.0339539132997485,0.0311663025756425,0.0307757500845641,0.0332772829421949,0.035380065058802,0.0364660431511735,0.0394876895962054,0.0424497191700669,0.0429340749346335,0.0450846882914531,0.0482082766108184,0.0481655679378168,0.0480758326261287,0.0489669597455814,0.0493599063441201,0.0487674733249858,0.0488068200113971,0.0504475803137483,0.0531735834930387,0.057299439216272,0.0584425733125777,0.0581090056010767,0.0576527764471061,0.0565942970408654,0.0576189511841385,0.056833297644944,0.0563664439139094,0.0574359800303623,0.0595628143005812,0.0607240310989659,0.0609326872899914,0.0602065878020482,0.0581682256113363,0.0587612449909768,0.0578785652941631,0.0580798795519814,0.0615461953345876,0.064434266426059,0.0665813943008854,0.0661108813258461,0.0640660235810856,0.0640360473396891,0.0651228844427063,0.0680984659799789,0.0685969495709034,0.0664347467030164,0.063864910736639,0.0618018330222662,0.0585442680033814,0.0592383400498841,0.0627982348677292,0.0648779493477236,0.0625459449756014,0.0565968535310347,0.0484049856108952,0.0471365564783257,0.0560529295638054,0.0670981350252774,0.0669430699675715,0.0550517728137513,0.0430942271678951,0.0471945543894427,0.0639307101483991,0.0645078456654731,0.0457224546716948,0.0280544186498202,0.0331922912455877,0.0593993366887353,0.0610904613038963,0.0380669593603256,0.0298194590525326,0.0563663180029281,0.0557069801855248,0.0247485222112027,0.00694906503430328,0.0114033197044765,0.0509032339073118,0.0477944431084995,0.00999122644428662,0.0042093798083953,0.0375710670215314,0.0349220032273969,0.00319635447129814,0.0194605306643577,0.0182353996885427,0.000910119145446818,3.85900971227723e-05,1.78383600475152e-06,8.46098119147154e-08,1.58400067980667e-10,7.30659741274539e-12,1.68000106042067e-14,8.05826274226973e-16,3.74012191711769e-17,8.56679008097194e-40,4.14495657654822e-57,1.00666996268045e-83,4.156416176377e-109,0,0,0,0,0,0,0,0,0,0,0,0,0,0,0,0,0,0,0,0,0,0,0,0,0,0,0,0,0,0,0,0,0,0,0,0,0,0,0,0,0,0,0,0,0,0,0,0,0,0,0,0,0,0,0,0,0,0,0,0,0,0,0,0,0,0,0,0,0,0,0,0,0,0,0,0,0,0,0,0,0,0,0,0,0,0,0,0,0,0,0,0,0,0,0,0,0,0,0,0,0,0,0,0,0,0,0,0,0,0,0,0,0,0,0,0,0,0,0,0,0,0,0,0,0,0,0,0,0,0,0,0,0,0,0,0,0,0,0,0,0,0,0,0,0,0,0,0,0,0,0,0,0,0,0,0,0,0,0,0,0,0,0,0,0,0,0,0,0,0,0,0,0,0,0,0,0,0,0,0,0,0,0,0,0,0,0,0,0,0,0,0,0,0,0,0,0,0,0,0,0,0,0,0,0,0,0,0,0,0,0,0,0,0,0,0,0,0,0,0,0,0,0,0,0,0,0,0,0,0,0,0,0,0,0,0,0,0,0,0,0,0,0,0,0,0,0,0,0,0,0,0,0,0,0,0,0,0,0,0,0,0,0,0,0,0,0,0,0,0,0,0,0,0,0,0,0,0,0,0,0,0,0,0,0,0,0,0,0,0,0,0,0,0,0,0,0,0,0,0,0,0,0,0,0,0,0,0,0,0,0,0,0,0,0,0,0,0,0,0,0,0,0,0,0,0,0,0,0,0,0,0,0,0,0,0,0,0,0,0,0,0,0,0,0,0,0,0,0,0,0,0,0,0,0,0,0,0,0,0,0,0,0,0,0,0,0,0,0,0,0,0,0,0,0,0,0,0
0,0.000976572893153802,0.00215293204753758,0.00306308880339235,0.00374252665593625,0.00450526226490195,0.00617707269983675,0.00859709708362741,0.0121996263561097,0.017283463652687,0.0218175860175616,0.024297997053825,0.025051730487051,0.0250729873908938,0.0277900367932655,0.0321942543939457,0.0340766145513124,0.0329160200644076,0.0308109673816795,0.0274156046929367,0.0243238978701094,0.023081829158024,0.0225811991254513,0.0228214043701437,0.0224388693686972,0.0225384742124963,0.0254886336433307,0.0305713041162018,0.0349022515916906,0.0368471273177038,0.0406763087604741,0.0450179379140443,0.0452444852455191,0.0452591700988161,0.0461630859264914,0.0459265968678475,0.0428583881392548,0.0379533254663846,0.035881729336117,0.0366161580118087,0.0404952967747962,0.0461909735615242,0.0496483175890126,0.0529958175792445,0.0547290625676272,0.0545089285002566,0.0549626403948198,0.0517825534124288,0.0472944892894804,0.0451637072303356,0.0476925069646259,0.0532178530499385,0.0558934142320867,0.0564104205018539,0.0573486185456068,0.0570328480459027,0.0514512841891802,0.0457070295533089,0.0454697121437825,0.0507021996753194,0.0566790701676589,0.0597282195866154,0.0606847252098383,0.0584195408032519,0.0512943460504717,0.0457939487653843,0.0487732356087932,0.0575553385221717,0.0644107862551313,0.0648088264951981,0.0562650960412739,0.0444898997581077,0.0426225175965111,0.0523424862016733,0.0644562621827238,0.0648893095610904,0.0506016840995435,0.0327244344159797,0.0283117871321172,0.0412712365899743,0.0625592340879538,0.0646296990164004,0.0460655388378222,0.0283571254355412,0.03352461117968,0.0598020354761732,0.0613675652463547,0.0358759702037903,0.0157087224161703,0.0209128993808858,0.0543989340432137,0.0557047512610743,0.0255783297084173,0.0149631623124573,0.0466015624719135,0.0475039012620285,0.0143077697276846,0.00223045491918653,0.00354315164000873,0.0352872644828388,0.0346737741315977,0.00564358548067513,0.000284669723344147,0.0196154814319452,0.0184353206599444,0.00088778889113191,1.81095752959605e-06,8.59844918214522e-08,3.34363735442588e-09,1.5446095105426e-10,3.54778666439668e-13,1.70380200407006e-14,8.16026606895904e-16,8.68230694461964e-28,2.03194637912539e-42,4.3108895219586e-57,1.07511429241386e-83,4.36938794050279e-109,0,0,0,0,0,0,0,0,0,0,0,0,0,0,0,0,0,0,0,0,0,0,0,0,0,0,0,0,0,0,0,0,0,0,0,0,0,0,0,0,0,0,0,0,0,0,0,0,0,0,0,0,0,0,0,0,0,0,0,0,0,0,0,0,0,0,0,0,0,0,0,0,0,0,0,0,0,0,0,0,0,0,0,0,0,0,0,0,0,0,0,0,0,0,0,0,0,0,0,0,0,0,0,0,0,0,0,0,0,0,0,0,0,0,0,0,0,0,0,0,0,0,0,0,0,0,0,0,0,0,0,0,0,0,0,0,0,0,0,0,0,0,0,0,0,0,0,0,0,0,0,0,0,0,0,0,0,0,0,0,0,0,0,0,0,0,0,0,0,0,0,0,0,0,0,0,0,0,0,0,0,0,0,0,0,0,0,0,0,0,0,0,0,0,0,0,0,0,0,0,0,0,0,0,0,0,0,0,0,0,0,0,0,0,0,0,0,0,0,0,0,0,0,0,0,0,0,0,0,0,0,0,0,0,0,0,0,0,0,0,0,0,0,0,0,0,0,0,0,0,0,0,0,0,0,0,0,0,0,0,0,0,0,0,0,0,0,0,0,0,0,0,0,0,0,0,0,0,0,0,0,0,0,0,0,0,0,0,0,0,0,0,0,0,0,0,0,0,0,0,0,0,0,0,0,0,0,0,0,0,0,0,0,0,0,0,0,0,0,0,0,0,0,0,0,0,0,0,0,0,0,0,0,0,0,0,0,0,0,0,0,0,0,0,0,0,0,0,0,0,0,0,0,0,0,0,0,0,0,0,0,0,0,0,0,0,0,0,0,0,0,0,0,0,0,0,0,0,0,0,0,0
0,0.000267501580434178,0.000666483994745906,0.00108425522363651,0.00149531864553781,0.00192060667122969,0.00262692480907125,0.00354375579954968,0.00517169526676847,0.00803431048137558,0.0111873231658888,0.0135176510274687,0.0149437591696985,0.0170664227065155,0.0186875965566186,0.0191637416744766,0.0194742681866725,0.018529092175559,0.0172282042262988,0.0151125142545991,0.0135238567412614,0.0141606839790444,0.0156432844760957,0.0179926992198086,0.0207188064640486,0.0244315726538892,0.0293877039967983,0.0365453147713838,0.0429009638069987,0.043849241594539,0.0445508466608721,0.0455237002417127,0.0440421289777136,0.0387978138762138,0.0318441700853318,0.0275983280638796,0.0249081143536943,0.0243014850162163,0.0281929837387704,0.0346452620416392,0.0414592448209971,0.0484495462416277,0.052360367056018,0.0535695569672382,0.0534805524045089,0.0478274113198419,0.0393065525253326,0.0321580370880587,0.0299788655647069,0.0342314937977134,0.0423061266983432,0.0526072997846195,0.0583162503927908,0.0594206085082401,0.0552255770812817,0.0452264752289241,0.0353554527681973,0.0319131236748329,0.037989597973617,0.0506391268147051,0.0601699514644866,0.0615934655106475,0.0539503540255257,0.0403067538572428,0.0318661299470613,0.03395038066424,0.0469356091619499,0.0611485786613312,0.0638105787844921,0.0518988550284704,0.0332157768563491,0.0264963511649224,0.0397362523248634,0.062014577296873,0.0646217398695092,0.0452845485315964,0.0221430831507539,0.0145515051649792,0.0291562413947288,0.0591493704308728,0.0616338274394185,0.0361836364583729,0.0158753439511699,0.0211192916855815,0.0548056814176621,0.0561439158354038,0.0251875366240287,0.00700692287265354,0.0107834155034008,0.0470382828263776,0.0473474806996454,0.0144423575063455,0.00224214055986329,0.00378359179954605,0.0383316403513118,0.0356028692982702,0.00326894377176682,0.000108497814442346,0.019823227652916,0.0185788597531779,0.000937359980493441,3.91578172749257e-05,8.73710758203884e-08,4.1802720012234e-09,1.62278626690127e-10,7.49671113542562e-12,3.59413499364774e-13,8.26227084905323e-16,4.08013303385872e-17,4.22495234755689e-29,2.08076978146182e-42,1.03247645431265e-67,2.75311556286402e-90,4.19753370000978e-109,0,0,0,0,0,0,0,0,0,0,0,0,0,0,0,0,0,0,0,0,0,0,0,0,0,0,0,0,0,0,0,0,0,0,0,0,0,0,0,0,0,0,0,0,0,0,0,0,0,0,0,0,0,0,0,0,0,0,0,0,0,0,0,0,0,0,0,0,0,0,0,0,0,0,0,0,0,0,0,0,0,0,0,0,0,0,0,0,0,0,0,0,0,0,0,0,0,0,0,0,0,0,0,0,0,0,0,0,0,0,0,0,0,0,0,0,0,0,0,0,0,0,0,0,0,0,0,0,0,0,0,0,0,0,0,0,0,0,0,0,0,0,0,0,0,0,0,0,0,0,0,0,0,0,0,0,0,0,0,0,0,0,0,0,0,0,0,0,0,0,0,0,0,0,0,0,0,0,0,0,0,0,0,0,0,0,0,0,0,0,0,0,0,0,0,0,0,0,0,0,0,0,0,0,0,0,0,0,0,0,0,0,0,0,0,0,0,0,0,0,0,0,0,0,0,0,0,0,0,0,0,0,0,0,0,0,0,0,0,0,0,0,0,0,0,0,0,0,0,0,0,0,0,0,0,0,0,0,0,0,0,0,0,0,0,0,0,0,0,0,0,0,0,0,0,0,0,0,0,0,0,0,0,0,0,0,0,0,0,0,0,0,0,0,0,0,0,0,0,0,0,0,0,0,0,0,0,0,0,0,0,0,0,0,0,0,0,0,0,0,0,0,0,0,0,0,0,0,0,0,0,0,0,0,0,0,0,0,0,0,0,0,0,0,0,0,0,0,0,0,0,0,0,0,0,0,0,0,0,0,0,0,0,0,0,0,0,0,0,0,0,0,0,0,0,0,0,0,0,0,0,0,0,0,0,0
0,7.70355015794163e-05,0.000196613664916928,0.000344462262575031,0.000520523297495226,0.000713882410384749,0.000965439680474623,0.001180458671263,0.00160708728076246,0.00271788568625945,0.00447283297574151,0.00640905423920351,0.00774708815475125,0.00928710219358489,0.00993499151212832,0.00973774209545964,0.0104285200971169,0.0109785786336904,0.0111073975726562,0.0105230248083294,0.0107349960529777,0.0129449033743774,0.0162802205142885,0.0240930877844105,0.0340294314099822,0.0395522491427298,0.0408481537341356,0.0432476350926364,0.0447752462480353,0.0419073597235697,0.0347894373506896,0.0269088904831344,0.0224105997918922,0.0189870308852074,0.0165266182835167,0.0169472840894294,0.0190591492806499,0.0238817918228426,0.0344223809207368,0.0454644332634464,0.0501233337067397,0.0521150298063471,0.0514021820305479,0.0435956899828993,0.0327057245584825,0.0239513210866633,0.0204163247693517,0.0235136506313535,0.0319938311642684,0.0446819871302676,0.0537901318409422,0.0562375102654177,0.0525171851762471,0.0416360697007622,0.0289669818788756,0.0241485067776344,0.0295100287599363,0.0422263294507099,0.0546478615691781,0.0567223963139037,0.0489764487861534,0.0351749409403827,0.023012354244458,0.0226680216549416,0.0372971558989413,0.0571540212120974,0.0575360850295914,0.0431080362718789,0.0274002028613823,0.0156704491387516,0.0149203496217461,0.0292138093985191,0.0573959447569621,0.0613184758771526,0.036248200153961,0.0135041724156696,0.00777528078698678,0.0192658060392957,0.0535301544736322,0.0563140501171763,0.0254279579882363,0.00707133593080868,0.0108831370995146,0.047428165006218,0.0477518338141523,0.0146089874577232,0.00225659826450283,0.00359873492300887,0.035958252750486,0.0351384466799458,0.00586769455758568,0.000478594941848203,0.000103066599491501,0.0200158369942682,0.0187957433144971,0.000913287743530995,1.86650178950148e-06,8.86549795654039e-08,4.24248282221604e-09,1.64416024821807e-10,7.58888577274374e-12,3.63296459682608e-13,1.74595723924054e-14,8.39827383089115e-16,8.90820137756976e-28,9.26012979011386e-40,5.09484536778483e-57,5.76336457361073e-73,6.3060737360335e-101,1.09487601474459e-119,0,0,0,0,0,0,0,0,0,0,0,0,0,0,0,0,0,0,0,0,0,0,0,0,0,0,0,0,0,0,0,0,0,0,0,0,0,0,0,0,0,0,0,0,0,0,0,0,0,0,0,0,0,0,0,0,0,0,0,0,0,0,0,0,0,0,0,0,0,0,0,0,0,0,0,0,0,0,0,0,0,0,0,0,0,0,0,0,0,0,0,0,0,0,0,0,0,0,0,0,0,0,0,0,0,0,0,0,0,0,0,0,0,0,0,0,0,0,0,0,0,0,0,0,0,0,0,0,0,0,0,0,0,0,0,0,0,0,0,0,0,0,0,0,0,0,0,0,0,0,0,0,0,0,0,0,0,0,0,0,0,0,0,0,0,0,0,0,0,0,0,0,0,0,0,0,0,0,0,0,0,0,0,0,0,0,0,0,0,0,0,0,0,0,0,0,0,0,0,0,0,0,0,0,0,0,0,0,0,0,0,0,0,0,0,0,0,0,0,0,0,0,0,0,0,0,0,0,0,0,0,0,0,0,0,0,0,0,0,0,0,0,0,0,0,0,0,0,0,0,0,0,0,0,0,0,0,0,0,0,0,0,0,0,0,0,0,0,0,0,0,0,0,0,0,0,0,0,0,0,0,0,0,0,0,0,0,0,0,0,0,0,0,0,0,0,0,0,0,0,0,0,0,0,0,0,0,0,0,0,0,0,0,0,0,0,0,0,0,0,0,0,0,0,0,0,0,0,0,0,0,0,0,0,0,0,0,0,0,0,0,0,0,0,0,0,0,0,0,0,0,0,0,0,0,0,0,0,0,0,0,0,0,0,0,0,0,0,0,0,0,0,0,0,0,0,0,0,0,0,0,0,0,0,0,0,0,0,0,0
0,3.73055943834845e-05,8.58126617713021e-05,0.000138948549250673,0.00020239553177315,0.000276120561181835,0.000363491967217492,0.000416515748032801,0.000548091834585823,0.00113884963488197,0.00255082127721024,0.00457677969184715,0.00553938244799162,0.00578149614661661,0.00603421815394091,0.00677464361768384,0.00843705124095048,0.00927495293477938,0.0126528713277962,0.019674108050839,0.0276649761853877,0.0346391134007035,0.0373445651873215,0.0403016033676658,0.0403374756116493,0.0348293237898006,0.028448169312563,0.0235289048376035,0.0195142627400614,0.01692924281271,0.0134441065884193,0.0104829151711859,0.011428915723337,0.0139988146920408,0.018226436138704,0.0284816529685807,0.0400722615060919,0.0458856845044219,0.0482315859140949,0.0447279874519547,0.0367025460378071,0.0276711145951175,0.0206097033837718,0.0153525080499624,0.0125905239537798,0.0150865493417899,0.024420598927413,0.0402879946544755,0.0534980332918014,0.0557312036060577,0.0474803753764373,0.0327220708062349,0.0201565827174851,0.0153050876768417,0.0192180501582332,0.0356316748436709,0.0565489859324305,0.057151736059289,0.042238915447439,0.025302213022035,0.0135113947240724,0.00950784326101759,0.0129946463508171,0.0289795127981977,0.0574696490271466,0.0610786140471576,0.0349176401434958,0.0130558217643425,0.00797289124465422,0.0196618965402652,0.053261075021946,0.0507138756312266,0.0242775606607097,0.0122419563594951,0.00497984136683233,0.0108013985224827,0.0469079195860599,0.043488660134702,0.0140775305959816,0.00676001375300204,0.00174414923099938,0.00362430612462972,0.0362828030103106,0.035453708538216,0.0059373592395757,0.000478576542557751,9.68210540971982e-05,0.0202277513139908,0.0189415618645937,0.000962886760424001,4.09873870056527e-05,1.89104830694362e-06,8.98293824429056e-08,4.2994153977544e-09,1.66393531809097e-10,7.66546393757561e-12,3.67655436250549e-13,1.76669792340622e-14,8.50027715776329e-16,9.0223856185801e-28,9.50304729195485e-40,4.76883227496081e-53,1.14092570060403e-67,3.13196970421327e-90,5.45227787631973e-109,0,0,0,0,0,0,0,0,0,0,0,0,0,0,0,0,0,0,0,0,0,0,0,0,0,0,0,0,0,0,0,0,0,0,0,0,0,0,0,0,0,0,0,0,0,0,0,0,0,0,0,0,0,0,0,0,0,0,0,0,0,0,0,0,0,0,0,0,0,0,0,0,0,0,0,0,0,0,0,0,0,0,0,0,0,0,0,0,0,0,0,0,0,0,0,0,0,0,0,0,0,0,0,0,0,0,0,0,0,0,0,0,0,0,0,0,0,0,0,0,0,0,0,0,0,0,0,0,0,0,0,0,0,0,0,0,0,0,0,0,0,0,0,0,0,0,0,0,0,0,0,0,0,0,0,0,0,0,0,0,0,0,0,0,0,0,0,0,0,0,0,0,0,0,0,0,0,0,0,0,0,0,0,0,0,0,0,0,0,0,0,0,0,0,0,0,0,0,0,0,0,0,0,0,0,0,0,0,0,0,0,0,0,0,0,0,0,0,0,0,0,0,0,0,0,0,0,0,0,0,0,0,0,0,0,0,0,0,0,0,0,0,0,0,0,0,0,0,0,0,0,0,0,0,0,0,0,0,0,0,0,0,0,0,0,0,0,0,0,0,0,0,0,0,0,0,0,0,0,0,0,0,0,0,0,0,0,0,0,0,0,0,0,0,0,0,0,0,0,0,0,0,0,0,0,0,0,0,0,0,0,0,0,0,0,0,0,0,0,0,0,0,0,0,0,0,0,0,0,0,0,0,0,0,0,0,0,0,0,0,0,0,0,0,0,0,0,0,0,0,0,0,0,0,0,0,0,0,0,0,0,0,0,0,0,0,0,0,0,0,0,0,0,0,0,0,0,0,0,0,0,0,0,0,0,0,0,0,0,0,0,0,0,0,0
0,2.66191736252643e-05,5.82524760541212e-05,8.65818962786503e-05,0.000114978651179447,0.000145460240538599,0.000184920742969815,0.000289401806178653,0.000792129074877361,0.00230916559587876,0.0047220976940177,0.00606250496478579,0.00682201254855185,0.00834581437475176,0.0123255701095877,0.0218713512439013,0.033789312981189,0.0400124558667725,0.0412042906625195,0.034991672667355,0.0251982283233049,0.0186662900025329,0.0179110497138323,0.0174400312566992,0.0140160682296012,0.0107445925971294,0.00927363459977306,0.00812273545871187,0.0067547833693771,0.00615231210622135,0.00612296809614524,0.0105836624726612,0.0223881321508315,0.038494801191756,0.0498617109160114,0.0505456190716751,0.0409251901317676,0.0298959156775143,0.0209259920605433,0.0134407576527779,0.0100426744311136,0.00793761170018154,0.00624534843949492,0.00787827189835481,0.0169873741827085,0.034733556178891,0.0540036538935616,0.0558763771025962,0.0419968728327242,0.0252685213338666,0.0131373218751004,0.00730665132644099,0.00551222878278415,0.0115796023040481,0.0287560352792736,0.0575109014693778,0.0613394585370358,0.0351334493528251,0.0128492965592798,0.00482316385834514,0.00490832452491653,0.0190549286998624,0.0534279554515926,0.0510176586231797,0.0244921587529022,0.0123169628208493,0.00409946358736125,0.0018688975568524,0.0103997701575008,0.048127586541461,0.048458312208461,0.0143754064831027,0.00225251124451673,0.000922366459797957,0.00360077978447117,0.0366205346990245,0.0357695824652122,0.00580193044203622,0.000479455413412409,0.000290617556506032,9.08682238803717e-05,0.0204196425038891,0.019113588068303,0.000975952285997338,4.15836850670565e-05,1.91871491220402e-06,9.11542746758513e-08,4.36369842071688e-09,1.68594282698857e-10,7.77745925900829e-12,3.7249615877601e-13,1.78676537585415e-14,8.60228204767732e-16,4.08013303663293e-17,9.12869421977439e-28,9.73219615462425e-40,4.94529590181931e-53,1.19828620205706e-67,3.31033938056938e-90,5.77013036042296e-109,-0,0,0,0,0,0,0,0,0,0,0,0,0,0,0,0,0,0,0,0,0,0,0,0,0,0,0,0,0,0,0,0,0,0,0,0,0,0,0,0,0,0,0,0,0,0,0,0,0,0,0,0,0,0,0,0,0,0,0,0,0,0,0,0,0,0,0,0,0,0,0,0,0,0,0,0,0,0,0,0,0,0,0,0,0,0,0,0,0,0,0,0,0,0,0,0,0,0,0,0,0,0,0,0,0,0,0,0,0,0,0,0,0,0,0,0,0,0,0,0,0,0,0,0,0,0,0,0,0,0,0,0,0,0,0,0,0,0,0,0,0,0,0,0,0,0,0,0,0,0,0,0,0,0,0,0,0,0,0,0,0,0,0,0,0,0,0,0,0,0,0,0,0,0,0,0,0,0,0,0,0,0,0,0,0,0,0,0,0,0,0,0,0,0,0,0,0,0,0,0,0,0,0,0,0,0,0,0,0,0,0,0,0,0,0,0,0,0,0,0,0,0,0,0,0,0,0,0,0,0,0,0,0,0,0,0,0,0,0,0,0,0,0,0,0,0,0,0,0,0,0,0,0,0,0,0,0,0,0,0,0,0,0,0,0,0,0,0,0,0,0,0,0,0,0,0,0,0,0,0,0,0,0,0,0,0,0,0,0,0,0,0,0,0,0,0,0,0,0,0,0,0,0,0,0,0,0,0,0,0,0,0,0,0,0,0,0,0,0,0,0,0,0,0,0,0,0,0,0,0,0,0,0,0,0,0,0,0,0,0,0,0,0,0,0,0,0,0,0,0,0,0,0,0,0,0,0,0,0,0,0,0,0,0,0,0,0,0,0,0,0,0,0,0,0,0,0,0,0,0,0,0,0,0,0,0,0,0,0,0,0,0,0,0,0,0,0,0,0,0
0,2.0875594408029e-05,4.57538466873266e-05,6.63511547080405e-05,8.50466450311275e-05,0.000110134984463737,0.000257258019719696,0.00128717158666747,0.00564107352519702,0.0166148863462819,0.0327592876582996,0.0446144882147741,0.0446416372524623,0.0313413458511938,0.0160336986816244,0.00885112033134748,0.0101428077390392,0.0149829948446097,0.015450821189098,0.0101327261154482,0.00571379275568259,0.00417743345739788,0.00540208314648103,0.0053556640775535,0.00336190206257105,0.00266239075209865,0.00310947888511006,0.00402616776213068,0.00566381371806369,0.00784161994482346,0.0142169760728149,0.0307926747102899,0.0520351653092435,0.0554995543597443,0.0416896337137095,0.024312639763323,0.0110321772684507,0.00660370576719927,0.00462688764452219,0.00262773265040916,0.00291416510775279,0.00534249372331054,0.0104760372119977,0.025609522434352,0.0532900569947624,0.0546532565135695,0.0342194998581649,0.0179421332138433,0.00795793951020029,0.00396186202481474,0.00221639983030181,0.00552959834373884,0.0190342767056919,0.0523280832455669,0.0511093075993344,0.0246771048148024,0.0124136169064876,0.00410854168686385,0.00110599114510701,0.00185579173748587,0.0104170925452501,0.0479413742132292,0.0488155260150625,0.0145163217441902,0.00226213538248774,0.000911478808990597,0.000304904332071601,0.00353896733700281,0.0369047362459655,0.0360703780440151,0.00607329408093517,0.000460153472308322,8.23711131767366e-05,7.2917589951541e-05,0.0206195868671669,0.019292851232299,0.000989654844446305,4.03183967925609e-05,1.913265424315e-06,1.94389508172145e-06,9.23610674287565e-08,4.42229905022235e-09,1.70596864931292e-10,7.86750738571954e-12,3.76883043685982e-13,1.8081862490704e-14,8.67028430646231e-16,4.42014412066128e-17,9.2461686743541e-28,9.98877187664159e-40,5.14561950014948e-53,1.26488296574341e-67,1.479569574923e-83,7.62276695599185e-101,1.32271209249992e-119,0,0,0,0,0,0,0,0,0,0,0,0,0,0,0,0,0,0,0,0,0,0,0,0,0,0,0,0,0,0,0,0,0,0,0,0,0,0,0,0,0,0,0,0,0,0,0,0,0,0,0,0,0,0,0,0,0,0,0,0,0,0,0,0,0,0,0,0,0,0,0,0,0,0,0,0,0,0,0,0,0,0,0,0,0,0,0,0,0,0,0,0,0,0,0,0,0,0,0,0,0,0,0,0,0,0,0,0,0,0,0,0,0,0,0,0,0,0,0,0,0,0,0,0,0,0,0,0,0,0,0,0,0,0,0,0,0,0,0,0,0,0,0,0,0,0,0,0,0,0,0,0,0,0,0,0,0,0,0,0,0,0,0,0,0,0,0,0,0,0,0,0,0,0,0,0,0,0,0,0,0,0,0,0,0,0,0,0,0,0,0,0,0,0,0,0,0,0,0,0,0,0,0,0,0,0,0,0,0,0,0,0,0,0,0,0,0,0,0,0,0,0,0,0,0,0,0,0,0,0,0,0,0,0,0,0,0,0,0,0,0,0,0,0,0,0,0,0,0,0,0,0,0,0,0,0,0,0,0,0,0,0,0,0,0,0,0,0,0,0,0,0,0,0,0,0,0,0,0,0,0,0,0,0,0,0,0,0,0,0,0,0,0,0,0,0,0,0,0,0,0,0,0,0,0,0,0,0,0,0,0,0,0,0,0,0,0,0,0,0,0,0,0,0,0,0,0,0,0,0,0,0,0,0,0,0,0,0,0,0,0,0,0,0,0,0,0,0,0,0,0,0,0,0,0,0,0,0,0,0,0,0,0,0,0,0,0,0,0,0,0,0,0,0,0,0,0,0,0,0,0,0,0,0,0,0,0,0,0,0,0,0,0,0,0,0,0,0,0,0,0,0,0,0,0
0,1.16540193456391e-05,2.62757250937932e-05,3.74153853934646e-05,4.72906799239025e-05,5.68979882152524e-05,7.03033207007819e-05,0.000147754886496597,0.000659979718021617,0.00263292716980761,0.00699641169919761,0.0133952643297897,0.0137528738468231,0.00723491070312235,0.00268068017024476,0.00118727650412862,0.00183110090815262,0.00382846319834063,0.0038664788334017,0.00183434412680635,0.000807458034965772,0.000795716928244156,0.00133830681954957,0.00131874725141354,0.00155374107314797,0.00424326696725753,0.0100477521663068,0.025447154217926,0.0521237133779388,0.0505685681605066,0.0241693845742543,0.0101762475201209,0.0122073818926853,0.0124820796203904,0.00724445731328105,0.00376259364591626,0.0013321585783524,0.000953436325127228,0.00123507148800087,0.00495369606863488,0.0189773980606046,0.0521632662891328,0.0493476564245204,0.0183982641410543,0.01102516946479,0.00925998166648304,0.00401574110665931,0.0019585993927591,0.000768493118057909,0.00181374422258627,0.0104161690265231,0.0473280273245403,0.0444100538107263,0.014417248183549,0.00638594970912994,0.00172486230789477,0.000900066665281008,0.000284248276633428,0.00349093121012946,0.0370054620248485,0.0335099263154149,0.00597041188208103,0.00320019760847588,0.000458749833399633,7.54134605269326e-05,6.57203931979704e-05,0.020818389955997,0.0184038915266528,0.00105343535349199,0.00100178041104951,4.27678470980771e-05,1.88389841273754e-06,9.02346554281101e-08,9.36255393112665e-08,4.48375704835065e-09,1.72693745556681e-10,7.59936823725175e-12,3.64145542839185e-13,3.80851652918177e-13,1.82756703865711e-14,8.77228766744477e-16,4.42014412158756e-17,1.01324456162632e-27,1.02252677763199e-39,1.96238798356002e-43,5.89269557694746e-57,7.05170215992163e-73,3.62304202944515e-90,6.32288463139968e-109,-0,0,0,0,0,0,0,0,0,0,0,0,0,0,0,0,0,0,0,0,0,0,0,0,0,0,0,0,0,0,0,0,0,0,0,0,0,0,0,0,0,0,0,0,0,0,0,0,0,0,0,0,0,0,0,0,0,0,0,0,0,0,0,0,0,0,0,0,0,0,0,0,0,0,0,0,0,0,0,0,0,0,0,0,0,0,0,0,0,0,0,0,0,0,0,0,0,0,0,0,0,0,0,0,0,0,0,0,0,0,0,0,0,0,0,0,0,0,0,0,0,0,0,0,0,0,0,0,0,0,0,0,0,0,0,0,0,0,0,0,0,0,0,0,0,0,0,0,0,0,0,0,0,0,0,0,0,0,0,0,0,0,0,0,0,0,0,0,0,0,0,0,0,0,0,0,0,0,0,0,0,0,0,0,0,0,0,0,0,0,0,0,0,0,0,0,0,0,0,0,0,0,0,0,0,0,0,0,0,0,0,0,0,0,0,0,0,0,0,0,0,0,0,0,0,0,0,0,0,0,0,0,0,0,0,0,0,0,0,0,0,0,0,0,0,0,0,0,0,0,0,0,0,0,0,0,0,0,0,0,0,0,0,0,0,0,0,0,0,0,0,0,0,0,0,0,0,0,0,0,0,0,0,0,0,0,0,0,0,0,0,0,0,0,0,0,0,0,0,0,0,0,0,0,0,0,0,0,0,0,0,0,0,0,0,0,0,0,0,0,0,0,0,0,0,0,0,0,0,0,0,0,0,0,0,0,0,0,0,0,0,0,0,0,0,0,0,0,0,0,0,0,0,0,0,0,0,0,0,0,0,0,0,0,0,0,0,0,0,0,0,0,0,0,0,0,0,0,0,0,0,0,0,0,0,0,0,0,0,0,0,0,0,0,0,0,0,0,0,0,0,0,0,0,0,0,0,0,0,0,0
0,7.35581227990466e-06,1.68986667312725e-05,2.3678029334781e-05,2.97455950171484e-05,3.57218555292865e-05,4.17066708024207e-05,4.91369799309535e-05,8.00142227056665e-05,0.000260098263351916,0.000909800866693833,0.00255664491415606,0.00255218462117776,0.000912550009102649,0.00027009168359454,0.000148997196153722,0.000259827800613078,0.000654059488475694,0.000660081846130346,0.000276953677031944,0.000396011339758746,0.00180013864775414,0.0020156253657397,0.00351794658626974,0.0174611224592772,0.0520734962388678,0.0495319652045272,0.0184848734483434,0.0110321704168453,0.00897839906530507,0.00261336597442532,0.000792367285690082,0.00158860084985542,0.0015940695490252,0.000700208394217918,0.000417456438882705,0.000193394009375015,0.00153808456853863,0.0104319867033532,0.0475963759633533,0.0446903538802699,0.0145364145839558,0.00635164787586784,0.00112502480233063,0.000825428481593706,0.000758548339227361,0.000262279110265759,0.000180938184532897,0.00356975659912559,0.037295321275586,0.0337614408890021,0.00601799730669101,0.00301666278440237,0.000475220624755388,0.000260442130266589,6.81770556333391e-05,5.82627675385069e-05,4.11509104730148e-05,0.0209861387081194,0.019623616045596,0.000971192120381216,4.50892080018301e-05,4.33226341235162e-05,1.90853295612579e-06,9.14434034919118e-08,9.48906944621611e-08,4.33737962958454e-09,1.66845283961956e-10,1.74546078112508e-10,8.04507041003373e-12,3.67906722385931e-13,1.76636488672364e-14,1.84762786051787e-14,8.8402899244228e-16,4.08013303734584e-17,6.80022166535264e-18,4.92288210100343e-29,1.13120040017747e-39,5.96530290398146e-53,1.50199386040596e-67,1.52853496548246e-83,3.17581204581666e-91,6.65931461589972e-109,-0,0,0,0,0,0,0,0,0,0,0,0,0,0,0,0,0,0,0,0,0,0,0,0,0,0,0,0,0,0,0,0,0,0,0,0,0,0,0,0,0,0,0,0,0,0,0,0,0,0,0,0,0,0,0,0,0,0,0,0,0,0,0,0,0,0,0,0,0,0,0,0,0,0,0,0,0,0,0,0,0,0,0,0,0,0,0,0,0,0,0,0,0,0,0,0,0,0,0,0,0,0,0,0,0,0,0,0,0,0,0,0,0,0,0,0,0,0,0,0,0,0,0,0,0,0,0,0,0,0,0,0,0,0,0,0,0,0,0,0,0,0,0,0,0,0,0,0,0,0,0,0,0,0,0,0,0,0,0,0,0,0,0,0,0,0,0,0,0,0,0,0,0,0,0,0,0,0,0,0,0,0,0,0,0,0,0,0,0,0,0,0,0,0,0,0,0,0,0,0,0,0,0,0,0,0,0,0,0,0,0,0,0,0,0,0,0,0,0,0,0,0,0,0,0,0,0,0,0,0,0,0,0,0,0,0,0,0,0,0,0,0,0,0,0,0,0,0,0,0,0,0,0,0,0,0,0,0,0,0,0,0,0,0,0,0,0,0,0,0,0,0,0,0,0,0,0,0,0,0,0,0,0,0,0,0,0,0,0,0,0,0,0,0,0,0,0,0,0,0,0,0,0,0,0,0,0,0,0,0,0,0,0,0,0,0,0,0,0,0,0,0,0,0,0,0,0,0,0,0,0,0,0,0,0,0,0,0,0,0,0,0,0,0,0,0,0,0,0,0,0,0,0,0,0,0,0,0,0,0,0,0,0,0,0,0,0,0,0,0,0,0,0,0,0,0,0,0,0,0,0,0,0,0,0,0,0,0,0,0,0,0,0,0,0,0,0,0,0,0,0,0,0,0,0,0,0,0,0,0,0,0,0,0,0,0,0
0,4.34870145142802e-06,1.01509447100348e-05,1.39914044959126e-05,1.75205192281852e-05,2.10350440738461e-05,2.45553566420419e-05,2.80820641831576e-05,3.1978846350378e-05,4.15906995887927e-05,8.76938574870817e-05,0.000290998361366242,0.000292892331011564,9.74842743665595e-05,5.83627976620721e-05,5.7584109900447e-05,0.000659241485104266,0.000625977542101258,0.000111052513223574,0.000879598541726764,0.00992563067184901,0.0477959590034458,0.0439633138086126,0.0088589537680829,0.00158264985419842,0.00587464869208603,0.00583403268822325,0.00110581475794936,0.000802601888466322,0.000725694187937884,0.00014681689835648,7.27463238056977e-05,0.000145946049414754,0.000147925560983051,8.43873109905573e-05,7.87222975248398e-05,0.0035623445489878,0.0375507063837764,0.0339914667285791,0.00607084712647975,0.00304232254969623,0.000472337751276376,0.00025365485001032,4.0838384721756e-05,4.79049328290333e-05,4.8354581057545e-05,3.24867476011446e-05,0.0211771853585626,0.0186996553492178,0.00107978978118773,0.000982829512265141,4.57043104717821e-05,4.19295913902574e-05,1.99305154541334e-06,1.93195525160946e-06,9.25771105686576e-08,9.60980104808732e-08,4.39347471519979e-09,2.11033859758309e-10,1.68508108167698e-10,7.76635709831558e-12,8.12763573477686e-12,3.71746121986294e-13,1.78506565486133e-14,1.86768868352856e-14,8.56828101486818e-16,4.08013303829959e-17,4.42014412329269e-17,3.40011083323824e-18,3.82609345170171e-30,2.05538187147016e-43,6.16570629025994e-53,1.57129290243566e-67,1.76079903833699e-83,3.93937169584357e-91,9.01531790005317e-101,1.57286276878995e-119,0,0,0,0,0,0,0,0,0,0,0,0,0,0,0,0,0,0,0,0,0,0,0,0,0,0,0,0,0,0,0,0,0,0,0,0,0,0,0,0,0,0,0,0,0,0,0,0,0,0,0,0,0,0,0,0,0,0,0,0,0,0,0,0,0,0,0,0,0,0,0,0,0,0,0,0,0,0,0,0,0,0,0,0,0,0,0,0,0,0,0,0,0,0,0,0,0,0,0,0,0,0,0,0,0,0,0,0,0,0,0,0,0,0,0,0,0,0,0,0,0,0,0,0,0,0,0,0,0,0,0,0,0,0,0,0,0,0,0,0,0,0,0,0,0,0,0,0,0,0,0,0,0,0,0,0,0,0,0,0,0,0,0,0,0,0,0,0,0,0,0,0,0,0,0,0,0,0,0,0,0,0,0,0,0,0,0,0,0,0,0,0,0,0,0,0,0,0,0,0,0,0,0,0,0,0,0,0,0,0,0,0,0,0,0,0,0,0,0,0,0,0,0,0,0,0,0,0,0,0,0,0,0,0,0,0,0,0,0,0,0,0,0,0,0,0,0,0,0,0,0,0,0,0,0,0,0,0,0,0,0,0,0,0,0,0,0,0,0,0,0,0,0,0,0,0,0,0,0,0,0,0,0,0,0,0,0,0,0,0,0,0,0,0,0,0,0,0,0,0,0,0,0,0,0,0,0,0,0,0,0,0,0,0,0,0,0,0,0,0,0,0,0,0,0,0,0,0,0,0,0,0,0,0,0,0,0,0,0,0,0,0,0,0,0,0,0,0,0,0,0,0,0,0,0,0,0,0,0,0,0,0,0,0,0,0,0,0,0,0,0,0,0,0,0,0,0,0,0,0,0,0,0,0,0,0,0,0,0,0,0,0,0,0,0,0,0,0,0,0,0,0,0,0,0,0,0,0,0,0,0,0,0,0,0,0,0,0,0,0,0,0,0
0,2.17096202006651e-06,5.1445433503966e-06,6.97123552285994e-06,8.71756707809708e-06,1.04662440514163e-05,1.22177387446269e-05,1.39725159583105e-05,1.57310444553096e-05,1.75541269101998e-05,2.06703422535615e-05,3.24671264810124e-05,3.42483386013789e-05,2.60777289447125e-05,2.68612411376932e-05,0.00355932588133141,0.0378175790513872,0.0339936528496292,0.00294646862416321,1.39843643426103e-05,0.000248180280389152,0.00318206758351045,0.0030511002987834,0.000223950256017038,2.89386617810989e-05,0.000258423030154381,0.000245740311382649,3.00855368165769e-05,3.72022161822521e-05,3.74956822546167e-05,1.96201091589703e-05,1.94991669377655e-05,2.18072015685806e-05,2.24721306766265e-05,0.0213414104328513,0.018836422411455,1.40682609749428e-06,0.00109117962343073,0.000993546599232199,4.62682098200809e-05,4.24439318655405e-05,2.0187104427836e-06,1.95668397097998e-06,1.72478810071782e-10,9.37081868732479e-08,9.28354179819831e-08,4.45856826069698e-09,4.44435578669601e-09,1.70453548255833e-10,1.7027870968897e-10,7.84448984735096e-12,7.83723172525365e-12,3.75738567690685e-13,3.93379857157626e-13,1.80274638006583e-14,8.63631805718876e-16,8.63628326807712e-16,4.08013303940444e-17,4.08013303901586e-17,3.40011083316873e-18,3.40011083324804e-18,3.86611622433993e-30,2.09954815105153e-43,2.09348687501631e-43,1.51586820008698e-67,6.72815808867181e-74,2.01864887203389e-83,1.1635909955305e-100,1.47416718929165e-109,-0,0,0,0,0,0,0,0,0,0,0,0,0,0,0,0,0,0,0,0,0,0,0,0,0,0,0,0,0,0,0,0,0,0,0,0,0,0,0,0,0,0,0,0,0,0,0,0,0,0,0,0,0,0,0,0,0,0,0,0,0,0,0,0,0,0,0,0,0,0,0,0,0,0,0,0,0,0,0,0,0,0,0,0,0,0,0,0,0,0,0,0,0,0,0,0,0,0,0,0,0,0,0,0,0,0,0,0,0,0,0,0,0,0,0,0,0,0,0,0,0,0,0,0,0,0,0,0,0,0,0,0,0,0,0,0,0,0,0,0,0,0,0,0,0,0,0,0,0,0,0,0,0,0,0,0,0,0,0,0,0,0,0,0,0,0,0,0,0,0,0,0,0,0,0,0,0,0,0,0,0,0,0,0,0,0,0,0,0,0,0,0,0,0,0,0,0,0,0,0,0,0,0,0,0,0,0,0,0,0,0,0,0,0,0,0,0,0,0,0,0,0,0,0,0,0,0,0,0,0,0,0,0,0,0,0,0,0,0,0,0,0,0,0,0,0,0,0,0,0,0,0,0,0,0,0,0,0,0,0,0,0,0,0,0,0,0,0,0,0,0,0,0,0,0,0,0,0,0,0,0,0,0,0,0,0,0,0,0,0,0,0,0,0,0,0,0,0,0,0,0,0,0,0,0,0,0,0,0,0,0,0,0,0,0,0,0,0,0,0,0,0,0,0,0,0,0,0,0,0,0,0,0,0,0,0,0,0,0,0,0,0,0,0,0,0,0,0,0,0,0,0,0,0,0,0,0,0,0,0,0,0,0,0,0,0,0,0,0,0,0,0,0,0,0,0,0,0,0,0,0,0,0,0,0,0,0,0,0,0,0,0,0,0,0,0,0,0,0,0,0,0,0,0,0,0,0,0,0,0,0,0,0,0,0,0,0,0,0,0,0,0,0,0,0,0,0,0,0,0,0
0,7.25885002966921e-07,1.74239701538649e-06,2.32392718346216e-06,2.9060836782082e-06,3.48902322270086e-06,4.07290234836856e-06,4.65787751649458e-06,5.24410514710597e-06,0.0215025069034454,0.0189714078534106,5.97017177242958e-07,6.33193532732421e-07,5.11255585521315e-07,5.42465421981583e-07,5.79365648614718e-07,0.00110314153430666,0.0010048506950395,3.89257416459015e-08,3.21926129252938e-08,3.35569967009966e-08,4.68191432894088e-05,4.29440609515423e-05,2.11026189366506e-09,1.78578022510999e-09,2.04144809843263e-06,1.97912127226747e-06,1.13095074116627e-10,9.48584157398675e-08,9.39957183468829e-08,5.92615195032378e-12,5.15989875626834e-12,4.51025936232054e-09,4.49718183822033e-09,2.16104852470278e-10,1.72129906818173e-10,1.29100622067679e-14,8.26591142173011e-12,7.91799655596138e-12,6.4725400280446e-16,3.7944535609517e-13,3.79180092586433e-13,1.82110714142217e-14,1.81974708376418e-14,8.73832212113415e-16,8.73828662897987e-16,4.08013386016524e-17,4.08013304013454e-17,3.40011085092719e-18,3.40011083317767e-18,8.13604727328533e-29,3.90772909898716e-30,9.28350288869149e-41,2.1408997311117e-43,5.61504857895611e-58,5.59362281677146e-58,1.40115870910819e-73,2.12308675441079e-83,1.27121734546138e-100,1.05448453780282e-101,4.41772270008381e-119,0,0,0,0,0,0,0,0,0,0,0,0,0,0,0,0,0,0,0,0,0,0,0,0,0,0,0,0,0,0,0,0,0,0,0,0,0,0,0,0,0,0,0,0,0,0,0,0,0,0,0,0,0,0,0,0,0,0,0,0,0,0,0,0,0,0,0,0,0,0,0,0,0,0,0,0,0,0,0,0,0,0,0,0,0,0,0,0,0,0,0,0,0,0,0,0,0,0,0,0,0,0,0,0,0,0,0,0,0,0,0,0,0,0,0,0,0,0,0,0,0,0,0,0,0,0,0,0,0,0,0,0,0,0,0,0,0,0,0,0,0,0,0,0,0,0,0,0,0,0,0,0,0,0,0,0,0,0,0,0,0,0,0,0,0,0,0,0,0,0,0,0,0,0,0,0,0,0,0,0,0,0,0,0,0,0,0,0,0,0,0,0,0,0,0,0,0,0,0,0,0,0,0,0,0,0,0,0,0,0,0,0,0,0,0,0,0,0,0,0,0,0,0,0,0,0,0,0,0,0,0,0,0,0,0,0,0,0,0,0,0,0,0,0,0,0,0,0,0,0,0,0,0,0,0,0,0,0,0,0,0,0,0,0,0,0,0,0,0,0,0,0,0,0,0,0,0,0,0,0,0,0,0,0,0,0,0,0,0,0,0,0,0,0,0,0,0,0,0,0,0,0,0,0,0,0,0,0,0,0,0,0,0,0,0,0,0,0,0,0,0,0,0,0,0,0,0,0,0,0,0,0,0,0,0,0,0,0,0,0,0,0,0,0,0,0,0,0,0,0,0,0,0,0,0,0,0,0,0,0,0,0,0,0,0,0,0,0,0,0,0,0,0,0,0,0,0,0,0,0,0,0,0,0,0,0,0,0,0,0,0,0,0,0,0,0,0,0,0,0,0,0,0,0,0,0,0,0,0,0,0,0,0,0,0,0,0,0,0,0,0,0,0,0,0,0,0,0,0,0,0,0,0,0,0,0,0,0,0
0,9.22431144871163e-15,2.21403083228383e-14,2.95345674380446e-14,3.69304269564688e-14,4.43350402427606e-14,5.17557819982812e-14,5.91890149606489e-14,6.66250241369896e-14,7.40883013030632e-14,6.49225971715848e-14,1.73808090791751e-10,1.73754962531856e-10,5.88275777700871e-15,6.17413362302026e-15,4.62606285694605e-15,4.85722624943643e-15,7.99484945004696e-12,7.99265610182501e-12,3.57693799782256e-16,2.79356379756314e-16,2.92977820565151e-16,3.83022927359417e-13,3.82893690916106e-13,2.04025078633031e-17,1.36019604031256e-17,1.83810784351401e-14,1.83742781277327e-14,3.40011454500674e-18,8.80628888384494e-16,8.84028998980084e-16,6.20111711678966e-32,4.08013387574254e-17,4.080133040895e-17,1.78683031276533e-35,3.40011083318741e-18,3.40011083318666e-18,8.2736243642015e-52,3.94993279053975e-30,3.94640513368432e-30,9.47306188250786e-41,2.18575454208944e-43,5.1100462707646e-77,5.78235505894882e-58,5.76619245846863e-58,7.28837402686738e-74,7.24437319633273e-74,4.72858805153697e-91,4.71277415123786e-91,1.65718147906488e-109,4.63925588697465e-119,0,0,0,0,0,0,0,0,0,0,0,0,0,0,0,0,0,0,0,0,0,0,0,0,0,0,0,0,0,0,0,0,0,0,0,0,0,0,0,0,0,0,0,0,0,0,0,0,0,0,0,0,0,0,0,0,0,0,0,0,0,0,0,0,0,0,0,0,0,0,0,0,0,0,0,0,0,0,0,0,0,0,0,0,0,0,0,0,0,0,0,0,0,0,0,0,0,0,0,0,0,0,0,0,0,0,0,0,0,0,0,0,0,0,0,0,0,0,0,0,0,0,0,0,0,0,0,0,0,0,0,0,0,0,0,0,0,0,0,0,0,0,0,0,0,0,0,0,0,0,0,0,0,0,0,0,0,0,0,0,0,0,0,0,0,0,0,0,0,0,0,0,0,0,0,0,0,0,0,0,0,0,0,0,0,0,0,0,0,0,0,0,0,0,0,0,0,0,0,0,0,0,0,0,0,0,0,0,0,0,0,0,0,0,0,0,0,0,0,0,0,0,0,0,0,0,0,0,0,0,0,0,0,0,0,0,0,0,0,0,0,0,0,0,0,0,0,0,0,0,0,0,0,0,0,0,0,0,0,0,0,0,0,0,0,0,0,0,0,0,0,0,0,0,0,0,0,0,0,0,0,0,0,0,0,0,0,0,0,0,0,0,0,0,0,0,0,0,0,0,0,0,0,0,0,0,0,0,0,0,0,0,0,0,0,0,0,0,0,0,0,0,0,0,0,0,0,0,0,0,0,0,0,0,0,0,0,0,0,0,0,0,0,0,0,0,0,0,0,0,0,0,0,0,0,0,0,0,0,0,0,0,0,0,0,0,0,0,0,0,0,0,0,0,0,0,0,0,0,0,0,0,0,0,0,0,0,0,0,0,0,0,0,0,0,0,0,0,0,0,0,0,0,0,0,0,0,0,0,0,0,0,0,0,0,0,0,0,0,0,0,0,0,0,0,0,0,0,0,0,0,0,0,0,0,0,0,0,0,0,0,0,0,0,0,0,0,0,0
0,7.23338540710381e-47,3.98229865326315e-42,3.98169889029492e-42,3.61251632311805e-46,7.95942967288451e-42,7.95747293359827e-42,1.19314594438984e-41,1.82108283076355e-35,7.94737479937403e-42,7.94342184419609e-42,7.93906319353018e-42,1.32380367474171e-45,3.40011083319575e-18,3.40011083319535e-18,3.82659898000385e-52,3.82250538759112e-52,3.81805227340354e-52,3.98870001435666e-30,3.98658495448645e-30,5.49915202701577e-64,5.48945998274411e-64,4.38344239689188e-64,2.23136551376881e-43,2.22859051067764e-43,2.79516921312076e-71,3.00706523469032e-77,5.95670534971481e-58,5.94310624474268e-58,7.35315255006921e-86,7.60845318764346e-74,7.59317994760139e-74,1.19534207501101e-107,4.95273494044556e-91,4.94036437333147e-91,5.75964562102256e-111,1.71745719742268e-109,1.71273179685941e-109,4.08926062060806e-137,0,0,0,0,0,0,0,0,0,0,0,0,0,0,0,0,0,0,0,0,0,0,0,0,0,0,0,0,0,0,0,0,0,0,0,0,0,0,0,0,0,0,0,0,0,0,0,0,0,0,0,0,0,0,0,0,0,0,0,0,0,0,0,0,0,0,0,0,0,0,0,0,0,0,0,0,0,0,0,0,0,0,0,0,0,0,0,0,0,0,0,0,0,0,0,0,0,0,0,0,0,0,0,0,0,0,0,0,0,0,0,0,0,0,0,0,0,0,0,0,0,0,0,0,0,0,0,0,0,0,0,0,0,0,0,0,0,0,0,0,0,0,0,0,0,0,0,0,0,0,0,0,0,0,0,0,0,0,0,0,0,0,0,0,0,0,0,0,0,0,0,0,0,0,0,0,0,0,0,0,0,0,0,0,0,0,0,0,0,0,0,0,0,0,0,0,0,0,0,0,0,0,0,0,0,0,0,0,0,0,0,0,0,0,0,0,0,0,0,0,0,0,0,0,0,0,0,0,0,0,0,0,0,0,0,0,0,0,0,0,0,0,0,0,0,0,0,0,0,0,0,0,0,0,0,0,0,0,0,0,0,0,0,0,0,0,0,0,0,0,0,0,0,0,0,0,0,0,0,0,0,0,0,0,0,0,0,0,0,0,0,0,0,0,0,0,0,0,0,0,0,0,0,0,0,0,0,0,0,0,0,0,0,0,0,0,0,0,0,0,0,0,0,0,0,0,0,0,0,0,0,0,0,0,0,0,0,0,0,0,0,0,0,0,0,0,0,0,0,0,0,0,0,0,0,0,0,0,0,0,0,0,0,0,0,0,0,0,0,0,0,0,0,0,0,0,0,0,0,0,0,0,0,0,0,0,0,0,0,0,0,0,0,0,0,0,0,0,0,0,0,0,0,0,0,0,0,0,0,0,0,0,0,0,0,0,0,0,0,0,0,0,0,0,0,0,0,0,0,0,0,0,0,0,0,0,0,0,0,0,0,0,0,0,0,0,0,0,0,0,0,0,0,0,0,0,0,0,0,0,0
0,6.93630048399704e-125,1.66430259108415e-124,1.94095349836713e-124,1.28221870746102e-118,6.16477185404076e-111,5.11887855002619e-91,5.11407494823436e-91,6.38625865964402e-119,2.75491643319193e-125,2.75175936456604e-125,2.74837646480894e-125,4.11687804843775e-125,2.74075936743331e-125,2.14379441535812e-129,1.79445028285027e-109,1.7920357618211e-109,2.20744700273492e-137,2.12672328981711e-129,0,0,0,0,0,0,0,0,0,0,0,0,0,0,0,0,0,0,0,0,0,0,0,0,0,0,0,0,0,0,0,0,0,0,0,0,0,0,0,0,0,0,0,0,0,0,0,0,0,0,0,0,0,0,0,0,0,0,0,0,0,0,0,0,0,0,0,0,0,0,0,0,0,0,0,0,0,0,0,0,0,0,0,0,0,0,0,0,0,0,0,0,0,0,0,0,0,0,0,0,0,0,0,0,0,0,0,0,0,0,0,0,0,0,0,0,0,0,0,0,0,0,0,0,0,0,0,0,0,0,0,0,0,0,0,0,0,0,0,0,0,0,0,0,0,0,0,0,0,0,0,0,0,0,0,0,0,0,0,0,0,0,0,0,0,0,0,0,0,0,0,0,0,0,0,0,0,0,0,0,0,0,0,0,0,0,0,0,0,0,0,0,0,0,0,0,0,0,0,0,0,0,0,0,0,0,0,0,0,0,0,0,0,0,0,0,0,0,0,0,0,0,0,0,0,0,0,0,0,0,0,0,0,0,0,0,0,0,0,0,0,0,0,0,0,0,0,0,0,0,0,0,0,0,0,0,0,0,0,0,0,0,0,0,0,0,0,0,0,0,0,0,0,0,0,0,0,0,0,0,0,0,0,0,0,0,0,0,0,0,0,0,0,0,0,0,0,0,0,0,0,0,0,0,0,0,0,0,0,0,0,0,0,0,0,0,0,0,0,0,0,0,0,0,0,0,0,0,0,0,0,0,0,0,0,0,0,0,0,0,0,0,0,0,0,0,0,0,0,0,0,0,0,0,0,0,0,0,0,0,0,0,0,0,0,0,0,0,0,0,0,0,0,0,0,0,0,0,0,0,0,0,0,0,0,0,0,0,0,0,0,0,0,0,0,0,0,0,0,0,0,0,0,0,0,0,0,0,0,0,0,0,0,0,0,0,0,0,0,0,0,0,0,0,0,0,0,0,0,0,0,0,0,0,0,0,0,0,0,0,0,0,0,0,0,0,0,0,0,0,0,0,0,0,0,0,0,0,0,0,0,0,0,0,0,0,0,0,0,0,0,0,0,0,0,0,0,0,0,0,0
0,0,0,0,0,0,0,0,0,0,0,0,0,0,0,0,0,0,0,0,0,0,0,0,0,0,0,0,0,0,0,0,0,0,0,0,0,0,0,0,0,0,0,0,0,0,0,0,0,0,0,0,0,0,0,0,0,0,0,0,0,0,0,0,0,0,0,0,0,0,0,0,0,0,0,0,0,0,0,0,0,0,0,0,0,0,0,0,0,0,0,0,0,0,0,0,0,0,0,0,0,0,0,0,0,0,0,0,0,0,0,0,0,0,0,0,0,0,0,0,0,0,0,0,0,0,0,0,0,0,0,0,0,0,0,0,0,0,0,0,0,0,0,0,0,0,0,0,0,0,0,0,0,0,0,0,0,0,0,0,0,0,0,0,0,0,0,0,0,0,0,0,0,0,0,0,0,0,0,0,0,0,0,0,0,0,0,0,0,0,0,0,0,0,0,0,0,0,0,0,0,0,0,0,0,0,0,0,0,0,0,0,0,0,0,0,0,0,0,0,0,0,0,0,0,0,0,0,0,0,0,0,0,0,0,0,0,0,0,0,0,0,0,0,0,0,0,0,0,0,0,0,0,0,0,0,0,0,0,0,0,0,0,0,0,0,0,0,0,0,0,0,0,0,0,0,0,0,0,0,0,0,0,0,0,0,0,0,0,0,0,0,0,0,0,0,0,0,0,0,0,0,0,0,0,0,0,0,0,0,0,0,0,0,0,0,0,0,0,0,0,0,0,0,0,0,0,0,0,0,0,0,0,0,0,0,0,0,0,0,0,0,0,0,0,0,0,0,0,0,0,0,0,0,0,0,0,0,0,0,0,0,0,0,0,0,0,0,0,0,0,0,0,0,0,0,0,0,0,0,0,0,0,0,0,0,0,0,0,0,0,0,0,0,0,0,0,0,0,0,0,0,0,0,0,0,0,0,0,0,0,0,0,0,0,0,0,0,0,0,0,0,0,0,0,0,0,0,0,0,0,0,0,0,0,0,0,0,0,0,0,0,0,0,0,0,0,0,0,0,0,0,0,0,0,0,0,0,0,0,0,0,0,0,0,0,0,0,0,0,0,0,0,0,0,0,0,0,0,0,0,0,0,0,0,0,0,0,0,0,0,0,0,0,0,0,0,0,0,0
0,0,0,0,0,0,0,0,0,0,0,0,0,0,0,0,0,0,0,0,0,0,0,0,0,0,0,0,0,0,0,0,0,0,0,0,0,0,0,0,0,0,0,0,0,0,0,0,0,0,0,0,0,0,0,0,0,0,0,0,0,0,0,0,0,0,0,0,0,0,0,0,0,0,0,0,0,0,0,0,0,0,0,0,0,0,0,0,0,0,0,0,0,0,0,0,0,0,0,0,0,0,0,0,0,0,0,0,0,0,0,0,0,0,0,0,0,0,0,0,0,0,0,0,0,0,0,0,0,0,0,0,0,0,0,0,0,0,0,0,0,0,0,0,0,0,0,0,0,0,0,0,0,0,0,0,0,0,0,0,0,0,0,0,0,0,0,0,0,0,0,0,0,0,0,0,0,0,0,0,0,0,0,0,0,0,0,0,0,0,0,0,0,0,0,0,0,0,0,0,0,0,0,0,0,0,0,0,0,0,0,0,0,0,0,0,0,0,0,0,0,0,0,0,0,0,0,0,0,0,0,0,0,0,0,0,0,0,0,0,0,0,0,0,0,0,0,0,0,0,0,0,0,0,0,0,0,0,0,0,0,0,0,0,0,0,0,0,0,0,0,0,0,0,0,0,0,0,0,0,0,0,0,0,0,0,0,0,0,0,0,0,0,0,0,0,0,0,0,0,0,0,0,0,0,0,0,0,0,0,0,0,0,0,0,0,0,0,0,0,0,0,0,0,0,0,0,0,0,0,0,0,0,0,0,0,0,0,0,0,0,0,0,0,0,0,0,0,0,0,0,0,0,0,0,0,0,0,0,0,0,0,0,0,0,0,0,0,0,0,0,0,0,0,0,0,0,0,0,0,0,0,0,0,0,0,0,0,0,0,0,0,0,0,0,0,0,0,0,0,0,0,0,0,0,0,0,0,0,0,0,0,0,0,0,0,0,0,0,0,0,0,0,0,0,0,0,0,0,0,0,0,0,0,0,0,0,0,0,0,0,0,0,0,0,0,0,0,0,0,0,0,0,0,0,0,0,0,0,0,0,0,0,0,0,0,0,0,0,0,0,0,0,0,0,0,0,0,0,0,0,0,0,0,0,0,0,0,0,0,0,0,0,0,0,0,0,0,0,0
0,0,0,0,0,0,0,0,0,0,0,0,0,0,0,0,0,0,0,0,0,0,0,0,0,0,0,0,0,0,0,0,0,0,0,0,0,0,0,0,0,0,0,0,0,0,0,0,0,0,0,0,0,0,0,0,0,0,0,0,0,0,0,0,0,0,0,0,0,0,0,0,0,0,0,0,0,0,0,0,0,0,0,0,0,0,0,0,0,0,0,0,0,0,0,0,0,0,0,0,0,0,0,0,0,0,0,0,0,0,0,0,0,0,0,0,0,0,0,0,0,0,0,0,0,0,0,0,0,0,0,0,0,0,0,0,0,0,0,0,0,0,0,0,0,0,0,0,0,0,0,0,0,0,0,0,0,0,0,0,0,0,0,0,0,0,0,0,0,0,0,0,0,0,0,0,0,0,0,0,0,0,0,0,0,0,0,0,0,0,0,0,0,0,0,0,0,0,0,0,0,0,0,0,0,0,0,0,0,0,0,0,0,0,0,0,0,0,0,0,0,0,0,0,0,0,0,0,0,0,0,0,0,0,0,0,0,0,0,0,0,0,0,0,0,0,0,0,0,0,0,0,0,0,0,0,0,0,0,0,0,0,0,0,0,0,0,0,0,0,0,0,0,0,0,0,0,0,0,0,0,0,0,0,0,0,0,0,0,0,0,0,0,0,0,0,0,0,0,0,0,0,0,0,0,0,0,0,0,0,0,0,0,0,0,0,0,0,0,0,0,0,0,0,0,0,0,0,0,0,0,0,0,0,0,0,0,0,0,0,0,0,0,0,0,0,0,0,0,0,0,0,0,0,0,0,0,0,0,0,0,0,0,0,0,0,0,0,0,0,0,0,0,0,0,0,0,0,0,0,0,0,0,0,0,0,0,0,0,0,0,0,0,0,0,0,0,0,0,0,0,0,0,0,0,0,0,0,0,0,0,0,0,0,0,0,0,0,0,0,0,0,0,0,0,0,0,0,0,0,0,0,0,0,0,0,0,0,0,0,0,0,0,0,0,0,0,0,0,0,0,0,0,0,0,0,0,0,0,0,0,0,0,0,0,0,0,0,0,0,0,0,0,0,0,0,0,0,0,0,0,0,0,0,0,0,0,0,0,0,0,0,0,0,0,0,0,0,0,0
0,0,0,0,0,0,0,0,0,0,0,0,0,0,0,0,0,0,0,0,0,0,0,0,0,0,0,0,0,0,0,0,0,0,0,0,0,0,0,0,0,0,0,0,0,0,0,0,0,0,0,0,0,0,0,0,0,0,0,0,0,0,0,0,0,0,0,0,0,0,0,0,0,0,0,0,0,0,0,0,0,0,0,0,0,0,0,0,0,0,0,0,0,0,0,0,0,0,0,0,0,0,0,0,0,0,0,0,0,0,0,0,0,0,0,0,0,0,0,0,0,0,0,0,0,0,0,0,0,0,0,0,0,0,0,0,0,0,0,0,0,0,0,0,0,0,0,0,0,0,0,0,0,0,0,0,0,0,0,0,0,0,0,0,0,0,0,0,0,0,0,0,0,0,0,0,0,0,0,0,0,0,0,0,0,0,0,0,0,0,0,0,0,0,0,0,0,0,0,0,0,0,0,0,0,0,0,0,0,0,0,0,0,0,0,0,0,0,0,0,0,0,0,0,0,0,0,0,0,0,0,0,0,0,0,0,0,0,0,0,0,0,0,0,0,0,0,0,0,0,0,0,0,0,0,0,0,0,0,0,0,0,0,0,0,0,0,0,0,0,0,0,0,0,0,0,0,0,0,0,0,0,0,0,0,0,0,0,0,0,0,0,0,0,0,0,0,0,0,0,0,0,0,0,0,0,0,0,0,0,0,0,0,0,0,0,0,0,0,0,0,0,0,0,0,0,0,0,0,0,0,0,0,0,0,0,0,0,0,0,0,0,0,0,0,0,0,0,0,0,0,0,0,0,0,0,0,0,0,0,0,0,0,0,0,0,0,0,0,0,0,0,0,0,0,0,0,0,0,0,0,0,0,0,0,0,0,0,0,0,0,0,0,0,0,0,0,0,0,0,0,0,0,0,0,0,0,0,0,0,0,0,0,0,0,0,0,0,0,0,0,0,0,0,0,0,0,0,0,0,0,0,0,0,0,0,0,0,0,0,0,0,0,0,0,0,0,0,0,0,0,0,0,0,0,0,0,0,0,0,0,0,0,0,0,0,0,0,0,0,0,0,0,0,0,0,0,0,0,0,0,0,0,0,0,0,0,0,0,0,0,0,0,0,0,0,0,0,0,0
0,0,0,0,0,0,0,0,0,0,0,0,0,0,0,0,0,0,0,0,0,0,0,0,0,0,0,0,0,0,0,0,0,0,0,0,0,0,0,0,0,0,0,0,0,0,0,0,0,0,0,0,0,0,0,0,0,0,0,0,0,0,0,0,0,0,0,0,0,0,0,0,0,0,0,0,0,0,0,0,0,0,0,0,0,0,0,0,0,0,0,0,0,0,0,0,0,0,0,0,0,0,0,0,0,0,0,0,0,0,0,0,0,0,0,0,0,0,0,0,0,0,0,0,0,0,0,0,0,0,0,0,0,0,0,0,0,0,0,0,0,0,0,0,0,0,0,0,0,0,0,0,0,0,0,0,0,0,0,0,0,0,0,0,0,0,0,0,0,0,0,0,0,0,0,0,0,0,0,0,0,0,0,0,0,0,0,0,0,0,0,0,0,0,0,0,0,0,0,0,0,0,0,0,0,0,0,0,0,0,0,0,0,0,0,0,0,0,0,0,0,0,0,0,0,0,0,0,0,0,0,0,0,0,0,0,0,0,0,0,0,0,0,0,0,0,0,0,0,0,0,0,0,0,0,0,0,0,0,0,0,0,0,0,0,0,0,0,0,0,0,0,0,0,0,0,0,0,0,0,0,0,0,0,0,0,0,0,0,0,0,0,0,0,0,0,0,0,0,0,0,0,0,0,0,0,0,0,0,0,0,0,0,0,0,0,0,0,0,0,0,0,0,0,0,0,0,0,0,0,0,0,0,0,0,0,0,0,0,0,0,0,0,0,0,0,0,0,0,0,0,0,0,0,0,0,0,0,0,0,0,0,0,0,0,0,0,0,0,0,0,0,0,0,0,0,0,0,0,0,0,0,0,0,0,0,0,0,0,0,0,0,0,0,0,0,0,0,0,0,0,0,0,0,0,0,0,0,0,0,0,0,0,0,0,0,0,0,0,0,0,0,0,0,0,0,0,0,0,0,0,0,0,0,0,0,0,0,0,0,0,0,0,0,0,0,0,0,0,0,0,0,0,0,0,0,0,0,0,0,0,0,0,0,0,0,0,0,0,0,0,0,0,0,0,0,0,0,0,0,0,0,0,0,0,0,0,0,0,0,0,0,0,0,0,0,0,0,0,0
0,0,0,0,0,0,0,0,0,0,0,0,0,0,0,0,0,0,0,0,0,0,0,0,0,0,0,0,0,0,0,0,0,0,0,0,0,0,0,0,0,0,0,0,0,0,0,0,0,0,0,0,0,0,0,0,0,0,0,0,0,0,0,0,0,0,0,0,0,0,0,0,0,0,0,0,0,0,0,0,0,0,0,0,0,0,0,0,0,0,0,0,0,0,0,0,0,0,0,0,0,0,0,0,0,0,0,0,0,0,0,0,0,0,0,0,0,0,0,0,0,0,0,0,0,0,0,0,0,0,0,0,0,0,0,0,0,0,0,0,0,0,0,0,0,0,0,0,0,0,0,0,0,0,0,0,0,0,0,0,0,0,0,0,0,0,0,0,0,0,0,0,0,0,0,0,0,0,0,0,0,0,0,0,0,0,0,0,0,0,0,0,0,0,0,0,0,0,0,0,0,0,0,0,0,0,0,0,0,0,0,0,0,0,0,0,0,0,0,0,0,0,0,0,0,0,0,0,0,0,0,0,0,0,0,0,0,0,0,0,0,0,0,0,0,0,0,0,0,0,0,0,0,0,0,0,0,0,0,0,0,0,0,0,0,0,0,0,0,0,0,0,0,0,0,0,0,0,0,0,0,0,0,0,0,0,0,0,0,0,0,0,0,0,0,0,0,0,0,0,0,0,0,0,0,0,0,0,0,0,0,0,0,0,0,0,0,0,0,0,0,0,0,0,0,0,0,0,0,0,0,0,0,0,0,0,0,0,0,0,0,0,0,0,0,0,0,0,0,0,0,0,0,0,0,0,0,0,0,0,0,0,0,0,0,0,0,0,0,0,0,0,0,0,0,0,0,0,0,0,0,0,0,0,0,0,0,0,0,0,0,0,0,0,0,0,0,0,0,0,0,0,0,0,0,0,0,0,0,0,0,0,0,0,0,0,0,0,0,0,0,0,0,0,0,0,0,0,0,0,0,0,0,0,0,0,0,0,0,0,0,0,0,0,0,0,0,0,0,0,0,0,0,0,0,0,0,0,0,0,0,0,0,0,0,0,0,0,0,0,0,0,0,0,0,0,0,0,0,0,0,0,0,0,0,0,0,0,0,0,0,0,0,0,0,0,0,0,0,0
0,0,0,0,0,0,0,0,0,0,0,0,0,0,0,0,0,0,0,0,0,0,0,0,0,0,0,0,0,0,0,0,0,0,0,0,0,0,0,0,0,0,0,0,0,0,0,0,0,0,0,0,0,0,0,0,0,0,0,0,0,0,0,0,0,0,0,0,0,0,0,0,0,0,0,0,0,0,0,0,0,0,0,0,0,0,0,0,0,0,0,0,0,0,0,0,0,0,0,0,0,0,0,0,0,0,0,0,0,0,0,0,0,0,0,0,0,0,0,0,0,0,0,0,0,0,0,0,0,0,0,0,0,0,0,0,0,0,0,0,0,0,0,0,0,0,0,0,0,0,0,0,0,0,0,0,0,0,0,0,0,0,0,0,0,0,0,0,0,0,0,0,0,0,0,0,0,0,0,0,0,0,0,0,0,0,0,0,0,0,0,0,0,0,0,0,0,0,0,0,0,0,0,0,0,0,0,0,0,0,0,0,0,0,0,0,0,0,0,0,0,0,0,0,0,0,0,0,0,0,0,0,0,0,0,0,0,0,0,0,0,0,0,0,0,0,0,0,0,0,0,0,0,0,0,0,0,0,0,0,0,0,0,0,0,0,0,0,0,0,0,0,0,0,0,0,0,0,0,0,0,0,0,0,0,0,0,0,0,0,0,0,0,0,0,0,0,0,0,0,0,0,0,0,0,0,0,0,0,0,0,0,0,0,0,0,0,0,0,0,0,0,0,0,0,0,0,0,0,0,0,0,0,0,0,0,0,0,0,0,0,0,0,0,0,0,0,0,0,0,0,0,0,0,0,0,0,0,0,0,0,0,0,0,0,0,0,0,0,0,0,0,0,0,0,0,0,0,0,0,0,0,0,0,0,0,0,0,0,0,0,0,0,0,0,0,0,0,0,0,0,0,0,0,0,0,0,0,0,0,0,0,0,0,0,0,0,0,0,0,0,0,0,0,0,0,0,0,0,0,0,0,0,0,0,0,0,0,0,0,0,0,0,0,0,0,0,0,0,0,0,0,0,0,0,0,0,0,0,0,0,0,0,0,0,0,0,0,0,0,0,0,0,0,0,0,0,0,0,0,0,0,0,0,0,0,0,0,0,0,0,0,0,0,0,0,0,0,0,0
0,0,0,0,0,0,0,0,0,0,0,0,0,0,0,0,0,0,0,0,0,0,0,0,0,0,0,0,0,0,0,0,0,0,0,0,0,0,0,0,0,0,0,0,0,0,0,0,0,0,0,0,0,0,0,0,0,0,0,0,0,0,0,0,0,0,0,0,0,0,0,0,0,0,0,0,0,0,0,0,0,0,0,0,0,0,0,0,0,0,0,0,0,0,0,0,0,0,0,0,0,0,0,0,0,0,0,0,0,0,0,0,0,0,0,0,0,0,0,0,0,0,0,0,0,0,0,0,0,0,0,0,0,0,0,0,0,0,0,0,0,0,0,0,0,0,0,0,0,0,0,0,0,0,0,0,0,0,0,0,0,0,0,0,0,0,0,0,0,0,0,0,0,0,0,0,0,0,0,0,0,0,0,0,0,0,0,0,0,0,0,0,0,0,0,0,0,0,0,0,0,0,0,0,0,0,0,0,0,0,0,0,0,0,0,0,0,0,0,0,0,0,0,0,0,0,0,0,0,0,0,0,0,0,0,0,0,0,0,0,0,0,0,0,0,0,0,0,0,0,0,0,0,0,0,0,0,0,0,0,0,0,0,0,0,0,0,0,0,0,0,0,0,0,0,0,0,0,0,0,0,0,0,0,0,0,0,0,0,0,0,0,0,0,0,0,0,0,0,0,0,0,0,0,0,0,0,0,0,0,0,0,0,0,0,0,0,0,0,0,0,0,0,0,0,0,0,0,0,0,0,0,0,0,0,0,0,0,0,0,0,0,0,0,0,0,0,0,0,0,0,0,0,0,0,0,0,0,0,0,0,0,0,0,0,0,0,0,0,0,0,0,0,0,0,0,0,0,0,0,0,0,0,0,0,0,0,0,0,0,0,0,0,0,0,0,0,0,0,0,0,0,0,0,0,0,0,0,0,0,0,0,0,0,0,0,0,0,0,0,0,0,0,0,0,0,0,0,0,0,0,0,0,0,0,0,0,0,0,0,0,0,0,0,0,0,0,0,0,0,0,0,0,0,0,0,0,0,0,0,0,0,0,0,0,0,0,0,0,0,0,0,0,0,0,0,0,0,0,0,0,0,0,0,0,0,0,0,0,0,0,0,0,0,0,0,0,0,0,0
0,0,0,0,0,0,0,0,0,0,0,0,0,0,0,0,0,0,0,0,0,0,0,0,0,0,0,0,0,0,0,0,0,0,0,0,0,0,0,0,0,0,0,0,0,0,0,0,0,0,0,0,0,0,0,0,0,0,0,0,0,0,0,0,0,0,0,0,0,0,0,0,0,0,0,0,0,0,0,0,0,0,0,0,0,0,0,0,0,0,0,0,0,0,0,0,0,0,0,0,0,0,0,0,0,0,0,0,0,0,0,0,0,0,0,0,0,0,0,0,0,0,0,0,0,0,0,0,0,0,0,0,0,0,0,0,0,0,0,0,0,0,0,0,0,0,0,0,0,0,0,0,0,0,0,0,0,0,0,0,0,0,0,0,0,0,0,0,0,0,0,0,0,0,0,0,0,0,0,0,0,0,0,0,0,0,0,0,0,0,0,0,0,0,0,0,0,0,0,0,0,0,0,0,0,0,0,0,0,0,0,0,0,0,0,0,0,0,0,0,0,0,0,0,0,0,0,0,0,0,0,0,0,0,0,0,0,0,0,0,0,0,0,0,0,0,0,0,0,0,0,0,0,0,0,0,0,0,0,0,0,0,0,0,0,0,0,0,0,0,0,0,0,0,0,0,0,0,0,0,0,0,0,0,0,0,0,0,0,0,0,0,0,0,0,0,0,0,0,0,0,0,0,0,0,0,0,0,0,0,0,0,0,0,0,0,0,0,0,0,0,0,0,0,0,0,0,0,0,0,0,0,0,0,0,0,0,0,0,0,0,0,0,0,0,0,0,0,0,0,0,0,0,0,0,0,0,0,0,0,0,0,0,0,0,0,0,0,0,0,0,0,0,0,0,0,0,0,0,0,0,0,0,0,0,0,0,0,0,0,0,0,0,0,0,0,0,0,0,0,0,0,0,0,0,0,0,0,0,0,0,0,0,0,0,0,0,0,0,0,0,0,0,0,0,0,0,0,0,0,0,0,0,0,0,0,0,0,0,0,0,0,0,0,0,0,0,0,0,0,0,0,0,0,0,0,0,0,0,0,0,0,0,0,0,0,0,0,0,0,0,0,0,0,0,0,0,0,0,0,0,0,0,0,0,0,0,0,0,0,0,0,0,0,0,0,0,0,0,0
0,0,0,0,0,0,0,0,0,0,0,0,0,0,0,0,0,0,0,0,0,0,0,0,0,0,0,0,0,0,0,0,0,0,0,0,0,0,0,0,0,0,0,0,0,0,0,0,0,0,0,0,0,0,0,0,0,0,0,0,0,0,0,0,0,0,0,0,0,0,0,0,0,0,0,0,0,0,0,0,0,0,0,0,0,0,0,0,0,0,0,0,0,0,0,0,0,0,0,0,0,0,0,0,0,0,0,0,0,0,0,0,0,0,0,0,0,0,0,0,0,0,0,0,0,0,0,0,0,0,0,0,0,0,0,0,0,0,0,0,0,0,0,0,0,0,0,0,0,0,0,0,0,0,0,0,0,0,0,0,0,0,0,0,0,0,0,0,0,0,0,0,0,0,0,0,0,0,0,0,0,0,0,0,0,0,0,0,0,0,0,0,0,0,0,0,0,0,0,0,0,0,0,0,0,0,0,0,0,0,0,0,0,0,0,0,0,0,0,0,0,0,0,0,0,0,0,0,0,0,0,0,0,0,0,0,0,0,0,0,0,0,0,0,0,0,0,0,0,0,0,0,0,0,0,0,0,0,0,0,0,0,0,0,0,0,0,0,0,0,0,0,0,0,0,0,0,0,0,0,0,0,0,0,0,0,0,0,0,0,0,0,0,0,0,0,0,0,0,0,0,0,0,0,0,0,0,0,0,0,0,0,0,0,0,0,0,0,0,0,0,0,0,0,0,0,0,0,0,0,0,0,0,0,0,0,0,0,0,0,0,0,0,0,0,0,0,0,0,0,0,0,0,0,0,0,0,0,0,0,0,0,0,0,0,0,0,0,0,0,0,0,0,0,0,0,0,0,0,0,0,0,0,0,0,0,0,0,0,0,0,0,0,0,0,0,0,0,0,0,0,0,0,0,0,0,0,0,0,0,0,0,0,0,0,0,0,0,0,0,0,0,0,0,0,0,0,0,0,0,0,0,0,0,0,0,0,0,0,0,0,0,0,0,0,0,0,0,0,0,0,0,0,0,0,0,0,0,0,0,0,0,0,0,0,0,0,0,0,0,0,0,0,0,0,0,0,0,0,0,0,0,0,0,0,0,0,0,0,0,0,0,0,0,0,0,0,0,0,0
0,0,0,0,0,0,0,0,0,0,0,0,0,0,0,0,0,0,0,0,0,0,0,0,0,0,0,0,0,0,0,0,0,0,0,0,0,0,0,0,0,0,0,0,0,0,0,0,0,0,0,0,0,0,0,0,0,0,0,0,0,0,0,0,0,0,0,0,0,0,0,0,0,0,0,0,0,0,0,0,0,0,0,0,0,0,0,0,0,0,0,0,0,0,0,0,0,0,0,0,0,0,0,0,0,0,0,0,0,0,0,0,0,0,0,0,0,0,0,0,0,0,0,0,0,0,0,0,0,0,0,0,0,0,0,0,0,0,0,0,0,0,0,0,0,0,0,0,0,0,0,0,0,0,0,0,0,0,0,0,0,0,0,0,0,0,0,0,0,0,0,0,0,0,0,0,0,0,0,0,0,0,0,0,0,0,0,0,0,0,0,0,0,0,0,0,0,0,0,0,0,0,0,0,0,0,0,0,0,0,0,0,0,0,0,0,0,0,0,0,0,0,0,0,0,0,0,0,0,0,0,0,0,0,0,0,0,0,0,0,0,0,0,0,0,0,0,0,0,0,0,0,0,0,0,0,0,0,0,0,0,0,0,0,0,0,0,0,0,0,0,0,0,0,0,0,0,0,0,0,0,0,0,0,0,0,0,0,0,0,0,0,0,0,0,0,0,0,0,0,0,0,0,0,0,0,0,0,0,0,0,0,0,0,0,0,0,0,0,0,0,0,0,0,0,0,0,0,0,0,0,0,0,0,0,0,0,0,0,0,0,0,0,0,0,0,0,0,0,0,0,0,0,0,0,0,0,0,0,0,0,0,0,0,0,0,0,0,0,0,0,0,0,0,0,0,0,0,0,0,0,0,0,0,0,0,0,0,0,0,0,0,0,0,0,0,0,0,0,0,0,0,0,0,0,0,0,0,0,0,0,0,0,0,0,0,0,0,0,0,0,0,0,0,0,0,0,0,0,0,0,0,0,0,0,0,0,0,0,0,0,0,0,0,0,0,0,0,0,0,0,0,0,0,0,0,0,0,0,0,0,0,0,0,0,0,0,0,0,0,0,0,0,0,0,0,0,0,0,0,0,0,0,0,0,0,0,0,0,0,0,0,0,0,0,0,0,0,0,0
0,0,0,0,0,0,0,0,0,0,0,0,0,0,0,0,0,0,0,0,0,0,0,0,0,0,0,0,0,0,0,0,0,0,0,0,0,0,0,0,0,0,0,0,0,0,0,0,0,0,0,0,0,0,0,0,0,0,0,0,0,0,0,0,0,0,0,0,0,0,0,0,0,0,0,0,0,0,0,0,0,0,0,0,0,0,0,0,0,0,0,0,0,0,0,0,0,0,0,0,0,0,0,0,0,0,0,0,0,0,0,0,0,0,0,0,0,0,0,0,0,0,0,0,0,0,0,0,0,0,0,0,0,0,0,0,0,0,0,0,0,0,0,0,0,0,0,0,0,0,0,0,0,0,0,0,0,0,0,0,0,0,0,0,0,0,0,0,0,0,0,0,0,0,0,0,0,0,0,0,0,0,0,0,0,0,0,0,0,0,0,0,0,0,0,0,0,0,0,0,0,0,0,0,0,0,0,0,0,0,0,0,0,0,0,0,0,0,0,0,0,0,0,0,0,0,0,0,0,0,0,0,0,0,0,0,0,0,0,0,0,0,0,0,0,0,0,0,0,0,0,0,0,0,0,0,0,0,0,0,0,0,0,0,0,0,0,0,0,0,0,0,0,0,0,0,0,0,0,0,0,0,0,0,0,0,0,0,0,0,0,0,0,0,0,0,0,0,0,0,0,0,0,0,0,0,0,0,0,0,0,0,0,0,0,0,0,0,0,0,0,0,0,0,0,0,0,0,0,0,0,0,0,0,0,0,0,0,0,0,0,0,0,0,0,0,0,0,0,0,0,0,0,0,0,0,0,0,0,0,0,0,0,0,0,0,0,0,0,0,0,0,0,0,0,0,0,0,0,0,0,0,0,0,0,0,0,0,0,0,0,0,0,0,0,0,0,0,0,0,0,0,0,0,0,0,0,0,0,0,0,0,0,0,0,0,0,0,0,0,0,0,0,0,0,0,0,0,0,0,0,0,0,0,0,0,0,0,0,0,0,0,0,0,0,0,0,0,0,0,0,0,0,0,0,0,0,0,0,0,0,0,0,0,0,0,0,0,0,0,0,0,0,0,0,0,0,0,0,0,0,0,0,0,0,0,0,0,0,0,0,0,0,0,0,0,0,0,0,0
0,0,0,0,0,0,0,0,0,0,0,0,0,0,0,0,0,0,0,0,0,0,0,0,0,0,0,0,0,0,0,0,0,0,0,0,0,0,0,0,0,0,0,0,0,0,0,0,0,0,0,0,0,0,0,0,0,0,0,0,0,0,0,0,0,0,0,0,0,0,0,0,0,0,0,0,0,0,0,0,0,0,0,0,0,0,0,0,0,0,0,0,0,0,0,0,0,0,0,0,0,0,0,0,0,0,0,0,0,0,0,0,0,0,0,0,0,0,0,0,0,0,0,0,0,0,0,0,0,0,0,0,0,0,0,0,0,0,0,0,0,0,0,0,0,0,0,0,0,0,0,0,0,0,0,0,0,0,0,0,0,0,0,0,0,0,0,0,0,0,0,0,0,0,0,0,0,0,0,0,0,0,0,0,0,0,0,0,0,0,0,0,0,0,0,0,0,0,0,0,0,0,0,0,0,0,0,0,0,0,0,0,0,0,0,0,0,0,0,0,0,0,0,0,0,0,0,0,0,0,0,0,0,0,0,0,0,0,0,0,0,0,0,0,0,0,0,0,0,0,0,0,0,0,0,0,0,0,0,0,0,0,0,0,0,0,0,0,0,0,0,0,0,0,0,0,0,0,0,0,0,0,0,0,0,0,0,0,0,0,0,0,0,0,0,0,0,0,0,0,0,0,0,0,0,0,0,0,0,0,0,0,0,0,0,0,0,0,0,0,0,0,0,0,0,0,0,0,0,0,0,0,0,0,0,0,0,0,0,0,0,0,0,0,0,0,0,0,0,0,0,0,0,0,0,0,0,0,0,0,0,0,0,0,0,0,0,0,0,0,0,0,0,0,0,0,0,0,0,0,0,0,0,0,0,0,0,0,0,0,0,0,0,0,0,0,0,0,0,0,0,0,0,0,0,0,0,0,0,0,0,0,0,0,0,0,0,0,0,0,0,0,0,0,0,0,0,0,0,0,0,0,0,0,0,0,0,0,0,0,0,0,0,0,0,0,0,0,0,0,0,0,0,0,0,0,0,0,0,0,0,0,0,0,0,0,0,0,0,0,0,0,0,0,0,0,0,0,0,0,0,0,0,0,0,0,0,0,0,0,0,0,0,0,0,0,0,0,0,0
0,0,0,0,0,0,0,0,0,0,0,0,0,0,0,0,0,0,0,0,0,0,0,0,0,0,0,0,0,0,0,0,0,0,0,0,0,0,0,0,0,0,0,0,0,0,0,0,0,0,0,0,0,0,0,0,0,0,0,0,0,0,0,0,0,0,0,0,0,0,0,0,0,0,0,0,0,0,0,0,0,0,0,0,0,0,0,0,0,0,0,0,0,0,0,0,0,0,0,0,0,0,0,0,0,0,0,0,0,0,0,0,0,0,0,0,0,0,0,0,0,0,0,0,0,0,0,0,0,0,0,0,0,0,0,0,0,0,0,0,0,0,0,0,0,0,0,0,0,0,0,0,0,0,0,0,0,0,0,0,0,0,0,0,0,0,0,0,0,0,0,0,0,0,0,0,0,0,0,0,0,0,0,0,0,0,0,0,0,0,0,0,0,0,0,0,0,0,0,0,0,0,0,0,0,0,0,0,0,0,0,0,0,0,0,0,0,0,0,0,0,0,0,0,0,0,0,0,0,0,0,0,0,0,0,0,0,0,0,0,0,0,0,0,0,0,0,0,0,0,0,0,0,0,0,0,0,0,0,0,0,0,0,0,0,0,0,0,0,0,0,0,0,0,0,0,0,0,0,0,0,0,0,0,0,0,0,0,0,0,0,0,0,0,0,0,0,0,0,0,0,0,0,0,0,0,0,0,0,0,0,0,0,0,0,0,0,0,0,0,0,0,0,0,0,0,0,0,0,0,0,0,0,0,0,0,0,0,0,0,0,0,0,0,0,0,0,0,0,0,0,0,0,0,0,0,0,0,0,0,0,0,0,0,0,0,0,0,0,0,0,0,0,0,0,0,0,0,0,0,0,0,0,0,0,0,0,0,0,0,0,0,0,0,0,0,0,0,0,0,0,0,0,0,0,0,0,0,0,0,0,0,0,0,0,0,0,0,0,0,0,0,0,0,0,0,0,0,0,0,0,0,0,0,0,0,0,0,0,0,0,0,0,0,0,0,0,0,0,0,0,0,0,0,0,0,0,0,0,0,0,0,0,0,0,0,0,0,0,0,0,0,0,0,0,0,0,0,0,0,0,0,0,0,0,0,0,0,0,0,0,0,0,0,0,0,0,0,0,0
0,0,0,0,0,0,0,0,0,0,0,0,0,0,0,0,0,0,0,0,0,0,0,0,0,0,0,0,0,0,0,0,0,0,0,0,0,0,0,0,0,0,0,0,0,0,0,0,0,0,0,0,0,0,0,0,0,0,0,0,0,0,0,0,0,0,0,0,0,0,0,0,0,0,0,0,0,0,0,0,0,0,0,0,0,0,0,0,0,0,0,0,0,0,0,0,0,0,0,0,0,0,0,0,0,0,0,0,0,0,0,0,0,0,0,0,0,0,0,0,0,0,0,0,0,0,0,0,0,0,0,0,0,0,0,0,0,0,0,0,0,0,0,0,0,0,0,0,0,0,0,0,0,0,0,0,0,0,0,0,0,0,0,0,0,0,0,0,0,0,0,0,0,0,0,0,0,0,0,0,0,0,0,0,0,0,0,0,0,0,0,0,0,0,0,0,0,0,0,0,0,0,0,0,0,0,0,0,0,0,0,0,0,0,0,0,0,0,0,0,0,0,0,0,0,0,0,0,0,0,0,0,0,0,0,0,0,0,0,0,0,0,0,0,0,0,0,0,0,0,0,0,0,0,0,0,0,0,0,0,0,0,0,0,0,0,0,0,0,0,0,0,0,0,0,0,0,0,0,0,0,0,0,0,0,0,0,0,0,0,0,0,0,0,0,0,0,0,0,0,0,0,0,0,0,0,0,0,0,0,0,0,0,0,0,0,0,0,0,0,0,0,0,0,0,0,0,0,0,0,0,0,0,0,0,0,0,0,0,0,0,0,0,0,0,0,0,0,0,0,0,0,0,0,0,0,0,0,0,0,0,0,0,0,0,0,0,0,0,0,0,0,0,0,0,0,0,0,0,0,0,0,0,0,0,0,0,0,0,0,0,0,0,0,0,0,0,0,0,0,0,0,0,0,0,0,0,0,0,0,0,0,0,0,0,0,0,0,0,0,0,0,0,0,0,0,0,0,0,0,0,0,0,0,0,0,0,0,0,0,0,0,0,0,0,0,0,0,0,0,0,0,0,0,0,0,0,0,0,0,0,0,0,0,0,0,0,0,0,0,0,0,0,0,0,0,0,0,0,0,0,0,0,0,0,0,0,0,0,0,0,0,0,0,0,0,0,0,0,0
0,0,0,0,0,0,0,0,0,0,0,0,0,0,0,0,0,0,0,0,0,0,0,0,0,0,0,0,0,0,0,0,0,0,0,0,0,0,0,0,0,0,0,0,0,0,0,0,0,0,0,0,0,0,0,0,0,0,0,0,0,0,0,0,0,0,0,0,0,0,0,0,0,0,0,0,0,0,0,0,0,0,0,0,0,0,0,0,0,0,0,0,0,0,0,0,0,0,0,0,0,0,0,0,0,0,0,0,0,0,0,0,0,0,0,0,0,0,0,0,0,0,0,0,0,0,0,0,0,0,0,0,0,0,0,0,0,0,0,0,0,0,0,0,0,0,0,0,0,0,0,0,0,0,0,0,0,0,0,0,0,0,0,0,0,0,0,0,0,0,0,0,0,0,0,0,0,0,0,0,0,0,0,0,0,0,0,0,0,0,0,0,0,0,0,0,0,0,0,0,0,0,0,0,0,0,0,0,0,0,0,0,0,0,0,0,0,0,0,0,0,0,0,0,0,0,0,0,0,0,0,0,0,0,0,0,0,0,0,0,0,0,0,0,0,0,0,0,0,0,0,0,0,0,0,0,0,0,0,0,0,0,0,0,0,0,0,0,0,0,0,0,0,0,0,0,0,0,0,0,0,0,0,0,0,0,0,0,0,0,0,0,0,0,0,0,0,0,0,0,0,0,0,0,0,0,0,0,0,0,0,0,0,0,0,0,0,0,0,0,0,0,0,0,0,0,0,0,0,0,0,0,0,0,0,0,0,0,0,0,0,0,0,0,0,0,0,0,0,0,0,0,0,0,0,0,0,0,0,0,0,0,0,0,0,0,0,0,0,0,0,0,0,0,0,0,0,0,0,0,0,0,0,0,0,0,0,0,0,0,0,0,0,0,0,0,0,0,0,0,0,0,0,0,0,0,0,0,0,0,0,0,0,0,0,0,0,0,0,0,0,0,0,0,0,0,0,0,0,0,0,0,0,0,0,0,0,0,0,0,0,0,0,0,0,0,0,0,0,0,0,0,0,0,0,0,0,0,0,0,0,0,0,0,0,0,0,0,0,0,0,0,0,0,0,0,0,0,0,0,0,0,0,0,0,0,0,0,0,0,0,0,0,0,0,0,0,0,0,0
0,0,0,0,0,0,0,0,0,0,0,0,0,0,0,0,0,0,0,0,0,0,0,0,0,0,0,0,0,0,0,0,0,0,0,0,0,0,0,0,0,0,0,0,0,0,0,0,0,0,0,0,0,0,0,0,0,0,0,0,0,0,0,0,0,0,0,0,0,0,0,0,0,0,0,0,0,0,0,0,0,0,0,0,0,0,0,0,0,0,0,0,0,0,0,0,0,0,0,0,0,0,0,0,0,0,0,0,0,0,0,0,0,0,0,0,0,0,0,0,0,0,0,0,0,0,0,0,0,0,0,0,0,0,0,0,0,0,0,0,0,0,0,0,0,0,0,0,0,0,0,0,0,0,0,0,0,0,0,0,0,0,0,0,0,0,0,0,0,0,0,0,0,0,0,0,0,0,0,0,0,0,0,0,0,0,0,0,0,0,0,0,0,0,0,0,0,0,0,0,0,0,0,0,0,0,0,0,0,0,0,0,0,0,0,0,0,0,0,0,0,0,0,0,0,0,0,0,0,0,0,0,0,0,0,0,0,0,0,0,0,0,0,0,0,0,0,0,0,0,0,0,0,0,0,0,0,0,0,0,0,0,0,0,0,0,0,0,0,0,0,0,0,0,0,0,0,0,0,0,0,0,0,0,0,0,0,0,0,0,0,0,0,0,0,0,0,0,0,0,0,0,0,0,0,0,0,0,0,0,0,0,0,0,0,0,0,0,0,0,0,0,0,0,0,0,0,0,0,0,0,0,0,0,0,0,0,0,0,0,0,0,0,0,0,0,0,0,0,0,0,0,0,0,0,0,0,0,0,0,0,0,0,0,0,0,0,0,0,0,0,0,0,0,0,0,0,0,0,0,0,0,0,0,0,0,0,0,0,0,0,0,0,0,0,0,0,0,0,0,0,0,0,0,0,0,0,0,0,0,0,0,0,0,0,0,0,0,0,0,0,0,0,0,0,0,0,0,0,0,0,0,0,0,0,0,0,0,0,0,0,0,0,0,0,0,0,0,0,0,0,0,0,0,0,0,0,0,0,0,0,0,0,0,0,0,0,0,0,0,0,0,0,0,0,0,0,0,0,0,0,0,0,0,0,0,0,0,0,0,0,0,0,0,0,0,0,0,0,0
0,0,0,0,0,0,0,0,0,0,0,0,0,0,0,0,0,0,0,0,0,0,0,0,0,0,0,0,0,0,0,0,0,0,0,0,0,0,0,0,0,0,0,0,0,0,0,0,0,0,0,0,0,0,0,0,0,0,0,0,0,0,0,0,0,0,0,0,0,0,0,0,0,0,0,0,0,0,0,0,0,0,0,0,0,0,0,0,0,0,0,0,0,0,0,0,0,0,0,0,0,0,0,0,0,0,0,0,0,0,0,0,0,0,0,0,0,0,0,0,0,0,0,0,0,0,0,0,0,0,0,0,0,0,0,0,0,0,0,0,0,0,0,0,0,0,0,0,0,0,0,0,0,0,0,0,0,0,0,0,0,0,0,0,0,0,0,0,0,0,0,0,0,0,0,0,0,0,0,0,0,0,0,0,0,0,0,0,0,0,0,0,0,0,0,0,0,0,0,0,0,0,0,0,0,0,0,0,0,0,0,0,0,0,0,0,0,0,0,0,0,0,0,0,0,0,0,0,0,0,0,0,0,0,0,0,0,0,0,0,0,0,0,0,0,0,0,0,0,0,0,0,0,0,0,0,0,0,0,0,0,0,0,0,0,0,0,0,0,0,0,0,0,0,0,0,0,0,0,0,0,0,0,0,0,0,0,0,0,0,0,0,0,0,0,0,0,0,0,0,0,0,0,0,0,0,0,0,0,0,0,0,0,0,0,0,0,0,0,0,0,0,0,0,0,0,0,0,0,0,0,0,0,0,0,0,0,0,0,0,0,0,0,0,0,0,0,0,0,0,0,0,0,0,0,0,0,0,0,0,0,0,0,0,0,0,0,0,0,0,0,0,0,0,0,0,0,0,0,0,0,0,0,0,0,0,0,0,0,0,0,0,0,0,0,0,0,0,0,0,0,0,0,0,0,0,0,0,0,0,0,0,0,0,0,0,0,0,0,0,0,0,0,0,0,0,0,0,0,0,0,0,0,0,0,0,0,0,0,0,0,0,0,0,0,0,0,0,0,0,0,0,0,0,0,0,0,0,0,0,0,0,0,0,0,0,0,0,0,0,0,0,0,0,0,0,0,0,0,0,0,0,0,0,0,0,0,0,0,0,0,0,0,0,0,0,0,0,0,0
0,0,0,0,0,0,0,0,0,0,0,0,0,0,0,0,0,0,0,0,0,0,0,0,0,0,0,0,0,0,0,0,0,0,0,0,0,0,0,0,0,0,0,0,0,0,0,0,0,0,0,0,0,0,0,0,0,0,0,0,0,0,0,0,0,0,0,0,0,0,0,0,0,0,0,0,0,0,0,0,0,0,0,0,0,0,0,0,0,0,0,0,0,0,0,0,0,0,0,0,0,0,0,0,0,0,0,0,0,0,0,0,0,0,0,0,0,0,0,0,0,0,0,0,0,0,0,0,0,0,0,0,0,0,0,0,0,0,0,0,0,0,0,0,0,0,0,0,0,0,0,0,0,0,0,0,0,0,0,0,0,0,0,0,0,0,0,0,0,0,0,0,0,0,0,0,0,0,0,0,0,0,0,0,0,0,0,0,0,0,0,0,0,0,0,0,0,0,0,0,0,0,0,0,0,0,0,0,0,0,0,0,0,0,0,0,0,0,0,0,0,0,0,0,0,0,0,0,0,0,0,0,0,0,0,0,0,0,0,0,0,0,0,0,0,0,0,0,0,0,0,0,0,0,0,0,0,0,0,0,0,0,0,0,0,0,0,0,0,0,0,0,0,0,0,0,0,0,0,0,0,0,0,0,0,0,0,0,0,0,0,0,0,0,0,0,0,0,0,0,0,0,0,0,0,0,0,0,0,0,0,0,0,0,0,0,0,0,0,0,0,0,0,0,0,0,0,0,0,0,0,0,0,0,0,0,0,0,0,0,0,0,0,0,0,0,0,0,0,0,0,0,0,0,0,0,0,0,0,0,0,0,0,0,0,0,0,0,0,0,0,0,0,0,0,0,0,0,0,0,0,0,0,0,0,0,0,0,0,0,0,0,0,0,0,0,0,0,0,0,0,0,0,0,0,0,0,0,0,0,0,0,0,0,0,0,0,0,0,0,0,0,0,0,0,0,0,0,0,0,0,0,0,0,0,0,0,0,0,0,0,0,0,0,0,0,0,0,0,0,0,0,0,0,0,0,0,0,0,0,0,0,0,0,0,0,0,0,0,0,0,0,0,0,0,0,0,0,0,0,0,0,0,0,0,0,0,0,0,0,0,0,0,0,0,0,0,0,0,0
0,0,0,0,0,0,0,0,0,0,0,0,0,0,0,0,0,0,0,0,0,0,0,0,0,0,0,0,0,0,0,0,0,0,0,0,0,0,0,0,0,0,0,0,0,0,0,0,0,0,0,0,0,0,0,0,0,0,0,0,0,0,0,0,0,0,0,0,0,0,0,0,0,0,0,0,0,0,0,0,0,0,0,0,0,0,0,0,0,0,0,0,0,0,0,0,0,0,0,0,0,0,0,0,0,0,0,0,0,0,0,0,0,0,0,0,0,0,0,0,0,0,0,0,0,0,0,0,0,0,0,0,0,0,0,0,0,0,0,0,0,0,0,0,0,0,0,0,0,0,0,0,0,0,0,0,0,0,0,0,0,0,0,0,0,0,0,0,0,0,0,0,0,0,0,0,0,0,0,0,0,0,0,0,0,0,0,0,0,0,0,0,0,0,0,0,0,0,0,0,0,0,0,0,0,0,0,0,0,0,0,0,0,0,0,0,0,0,0,0,0,0,0,0,0,0,0,0,0,0,0,0,0,0,0,0,0,0,0,0,0,0,0,0,0,0,0,0,0,0,0,0,0,0,0,0,0,0,0,0,0,0,0,0,0,0,0,0,0,0,0,0,0,0,0,0,0,0,0,0,0,0,0,0,0,0,0,0,0,0,0,0,0,0,0,0,0,0,0,0,0,0,0,0,0,0,0,0,0,0,0,0,0,0,0,0,0,0,0,0,0,0,0,0,0,0,0,0,0,0,0,0,0,0,0,0,0,0,0,0,0,0,0,0,0,0,0,0,0,0,0,0,0,0,0,0,0,0,0,0,0,0,0,0,0,0,0,0,0,0,0,0,0,0,0,0,0,0,0,0,0,0,0,0,0,0,0,0,0,0,0,0,0,0,0,0,0,0,0,0,0,0,0,0,0,0,0,0,0,0,0,0,0,0,0,0,0,0,0,0,0,0,0,0,0,0,0,0,0,0,0,0,0,0,0,0,0,0,0,0,0,0,0,0,0,0,0,0,0,0,0,0,0,0,0,0,0,0,0,0,0,0,0,0,0,0,0,0,0,0,0,0,0,0,0,0,0,0,0,0,0,0,0,0,0,0,0,0,0,0,0,0,0,0,0,0,0,0,0,0
0,0,0,0,0,0,0,0,0,0,0,0,0,0,0,0,0,0,0,0,0,0,0,0,0,0,0,0,0,0,0,0,0,0,0,0,0,0,0,0,0,0,0,0,0,0,0,0,0,0,0,0,0,0,0,0,0,0,0,0,0,0,0,0,0,0,0,0,0,0,0,0,0,0,0,0,0,0,0,0,0,0,0,0,0,0,0,0,0,0,0,0,0,0,0,0,0,0,0,0,0,0,0,0,0,0,0,0,0,0,0,0,0,0,0,0,0,0,0,0,0,0,0,0,0,0,0,0,0,0,0,0,0,0,0,0,0,0,0,0,0,0,0,0,0,0,0,0,0,0,0,0,0,0,0,0,0,0,0,0,0,0,0,0,0,0,0,0,0,0,0,0,0,0,0,0,0,0,0,0,0,0,0,0,0,0,0,0,0,0,0,0,0,0,0,0,0,0,0,0,0,0,0,0,0,0,0,0,0,0,0,0,0,0,0,0,0,0,0,0,0,0,0,0,0,0,0,0,0,0,0,0,0,0,0,0,0,0,0,0,0,0,0,0,0,0,0,0,0,0,0,0,0,0,0,0,0,0,0,0,0,0,0,0,0,0,0,0,0,0,0,0,0,0,0,0,0,0,0,0,0,0,0,0,0,0,0,0,0,0,0,0,0,0,0,0,0,0,0,0,0,0,0,0,0,0,0,0,0,0,0,0,0,0,0,0,0,0,0,0,0,0,0,0,0,0,0,0,0,0,0,0,0,0,0,0,0,0,0,0,0,0,0,0,0,0,0,0,0,0,0,0,0,0,0,0,0,0,0,0,0,0,0,0,0,0,0,0,0,0,0,0,0,0,0,0,0,0,0,0,0,0,0,0,0,0,0,0,0,0,0,0,0,0,0,0,0,0,0,0,0,0,0,0,0,0,0,0,0,0,0,0,0,0,0,0,0,0,0,0,0,0,0,0,0,0,0,0,0,0,0,0,0,0,0,0,0,0,0,0,0,0,0,0,0,0,0,0,0,0,0,0,0,0,0,0,0,0,0,0,0,0,0,0,0,0,0,0,0,0,0,0,0,0,0,0,0,0,0,0,0,0,0,0,0,0,0,0,0,0,0,0,0,0,0,0,0,0,0,0
0,0,0,0,0,0,0,0,0,0,0,0,0,0,0,0,0,0,0,0,0,0,0,0,0,0,0,0,0,0,0,0,0,0,0,0,0,0,0,0,0,0,0,0,0,0,0,0,0,0,0,0,0,0,0,0,0,0,0,0,0,0,0,0,0,0,0,0,0,0,0,0,0,0,0,0,0,0,0,0,0,0,0,0,0,0,0,0,0,0,0,0,0,0,0,0,0,0,0,0,0,0,0,0,0,0,0,0,0,0,0,0,0,0,0,0,0,0,0,0,0,0,0,0,0,0,0,0,0,0,0,0,0,0,0,0,0,0,0,0,0,0,0,0,0,0,0,0,0,0,0,0,0,0,0,0,0,0,0,0,0,0,0,0,0,0,0,0,0,0,0,0,0,0,0,0,0,0,0,0,0,0,0,0,0,0,0,0,0,0,0,0,0,0,0,0,0,0,0,0,0,0,0,0,0,0,0,0,0,0,0,0,0,0,0,0,0,0,0,0,0,0,0,0,0,0,0,0,0,0,0,0,0,0,0,0,0,0,0,0,0,0,0,0,0,0,0,0,0,0,0,0,0,0,0,0,0,0,0,0,0,0,0,0,0,0,0,0,0,0,0,0,0,0,0,0,0,0,0,0,0,0,0,0,0,0,0,0,0,0,0,0,0,0,0,0,0,0,0,0,0,0,0,0,0,0,0,0,0,0,0,0,0,0,0,0,0,0,0,0,0,0,0,0,0,0,0,0,0,0,0,0,0,0,0,0,0,0,0,0,0,0,0,0,0,0,0,0,0,0,0,0,0,0,0,0,0,0,0,0,0,0,0,0,0,0,0,0,0,0,0,0,0,0,0,0,0,0,0,0,0,0,0,0,0,0,0,0,0,0,0,0,0,0,0,0,0,0,0,0,0,0,0,0,0,0,0,0,0,0,0,0,0,0,0,0,0,0,0,0,0,0,0,0,0,0,0,0,0,0,0,0,0,0,0,0,0,0,0,0,0,0,0,0,0,0,0,0,0,0,0,0,0,0,0,0,0,0,0,0,0,0,0,0,0,0,0,0,0,0,0,0,0,0,0,0,0,0,0,0,0,0,0,0,0,0,0,0,0,0,0,0,0,0,0,0,0,0,0,0
0,0,0,0,0,0,0,0,0,0,0,0,0,0,0,0,0,0,0,0,0,0,0,0,0,0,0,0,0,0,0,0,0,0,0,0,0,0,0,0,0,0,0,0,0,0,0,0,0,0,0,0,0,0,0,0,0,0,0,0,0,0,0,0,0,0,0,0,0,0,0,0,0,0,0,0,0,0,0,0,0,0,0,0,0,0,0,0,0,0,0,0,0,0,0,0,0,0,0,0,0,0,0,0,0,0,0,0,0,0,0,0,0,0,0,0,0,0,0,0,0,0,0,0,0,0,0,0,0,0,0,0,0,0,0,0,0,0,0,0,0,0,0,0,0,0,0,0,0,0,0,0,0,0,0,0,0,0,0,0,0,0,0,0,0,0,0,0,0,0,0,0,0,0,0,0,0,0,0,0,0,0,0,0,0,0,0,0,0,0,0,0,0,0,0,0,0,0,0,0,0,0,0,0,0,0,0,0,0,0,0,0,0,0,0,0,0,0,0,0,0,0,0,0,0,0,0,0,0,0,0,0,0,0,0,0,0,0,0,0,0,0,0,0,0,0,0,0,0,0,0,0,0,0,0,0,0,0,0,0,0,0,0,0,0,0,0,0,0,0,0,0,0,0,0,0,0,0,0,0,0,0,0,0,0,0,0,0,0,0,0,0,0,0,0,0,0,0,0,0,0,0,0,0,0,0,0,0,0,0,0,0,0,0,0,0,0,0,0,0,0,0,0,0,0,0,0,0,0,0,0,0,0,0,0,0,0,0,0,0,0,0,0,0,0,0,0,0,0,0,0,0,0,0,0,0,0,0,0,0,0,0,0,0,0,0,0,0,0,0,0,0,0,0,0,0,0,0,0,0,0,0,0,0,0,0,0,0,0,0,0,0,0,0,0,0,0,0,0,0,0,0,0,0,0,0,0,0,0,0,0,0,0,0,0,0,0,0,0,0,0,0,0,0,0,0,0,0,0,0,0,0,0,0,0,0,0,0,0,0,0,0,0,0,0,0,0,0,0,0,0,0,0,0,0,0,0,0,0,0,0,0,0,0,0,0,0,0,0,0,0,0,0,0,0,0,0,0,0,0,0,0,0,0,0,0,0,0,0,0,0,0,0,0,0,0,0,0,0,0
0,0,0,0,0,0,0,0,0,0,0,0,0,0,0,0,0,0,0,0,0,0,0,0,0,0,0,0,0,0,0,0,0,0,0,0,0,0,0,0,0,0,0,0,0,0,0,0,0,0,0,0,0,0,0,0,0,0,0,0,0,0,0,0,0,0,0,0,0,0,0,0,0,0,0,0,0,0,0,0,0,0,0,0,0,0,0,0,0,0,0,0,0,0,0,0,0,0,0,0,0,0,0,0,0,0,0,0,0,0,0,0,0,0,0,0,0,0,0,0,0,0,0,0,0,0,0,0,0,0,0,0,0,0,0,0,0,0,0,0,0,0,0,0,0,0,0,0,0,0,0,0,0,0,0,0,0,0,0,0,0,0,0,0,0,0,0,0,0,0,0,0,0,0,0,0,0,0,0,0,0,0,0,0,0,0,0,0,0,0,0,0,0,0,0,0,0,0,0,0,0,0,0,0,0,0,0,0,0,0,0,0,0,0,0,0,0,0,0,0,0,0,0,0,0,0,0,0,0,0,0,0,0,0,0,0,0,0,0,0,0,0,0,0,0,0,0,0,0,0,0,0,0,0,0,0,0,0,0,0,0,0,0,0,0,0,0,0,0,0,0,0,0,0,0,0,0,0,0,0,0,0,0,0,0,0,0,0,0,0,0,0,0,0,0,0,0,0,0,0,0,0,0,0,0,0,0,0,0,0,0,0,0,0,0,0,0,0,0,0,0,0,0,0,0,0,0,0,0,0,0,0,0,0,0,0,0,0,0,0,0,0,0,0,0,0,0,0,0,0,0,0,0,0,0,0,0,0,0,0,0,0,0,0,0,0,0,0,0,0,0,0,0,0,0,0,0,0,0,0,0,0,0,0,0,0,0,0,0,0,0,0,0,0,0,0,0,0,0,0,0,0,0,0,0,0,0,0,0,0,0,0,0,0,0,0,0,0,0,0,0,0,0,0,0,0,0,0,0,0,0,0,0,0,0,0,0,0,0,0,0,0,0,0,0,0,0,0,0,0,0,0,0,0,0,0,0,0,0,0,0,0,0,0,0,0,0,0,0,0,0,0,0,0,0,0,0,0,0,0,0,0,0,0,0,0,0,0,0,0,0,0,0,0,0,0,0,0,0,0
0,0,0,0,0,0,0,0,0,0,0,0,0,0,0,0,0,0,0,0,0,0,0,0,0,0,0,0,0,0,0,0,0,0,0,0,0,0,0,0,0,0,0,0,0,0,0,0,0,0,0,0,0,0,0,0,0,0,0,0,0,0,0,0,0,0,0,0,0,0,0,0,0,0,0,0,0,0,0,0,0,0,0,0,0,0,0,0,0,0,0,0,0,0,0,0,0,0,0,0,0,0,0,0,0,0,0,0,0,0,0,0,0,0,0,0,0,0,0,0,0,0,0,0,0,0,0,0,0,0,0,0,0,0,0,0,0,0,0,0,0,0,0,0,0,0,0,0,0,0,0,0,0,0,0,0,0,0,0,0,0,0,0,0,0,0,0,0,0,0,0,0,0,0,0,0,0,0,0,0,0,0,0,0,0,0,0,0,0,0,0,0,0,0,0,0,0,0,0,0,0,0,0,0,0,0,0,0,0,0,0,0,0,0,0,0,0,0,0,0,0,0,0,0,0,0,0,0,0,0,0,0,0,0,0,0,0,0,0,0,0,0,0,0,0,0,0,0,0,0,0,0,0,0,0,0,0,0,0,0,0,0,0,0,0,0,0,0,0,0,0,0,0,0,0,0,0,0,0,0,0,0,0,0,0,0,0,0,0,0,0,0,0,0,0,0,0,0,0,0,0,0,0,0,0,0,0,0,0,0,0,0,0,0,0,0,0,0,0,0,0,0,0,0,0,0,0,0,0,0,0,0,0,0,0,0,0,0,0,0,0,0,0,0,0,0,0,0,0,0,0,0,0,0,0,0,0,0,0,0,0,0,0,0,0,0,0,0,0,0,0,0,0,0,0,0,0,0,0,0,0,0,0,0,0,0,0,0,0,0,0,0,0,0,0,0,0,0,0,0,0,0,0,0,0,0,0,0,0,0,0,0,0,0,0,0,0,0,0,0,0,0,0,0,0,0,0,0,0,0,0,0,0,0,0,0,0,0,0,0,0,0,0,0,0,0,0,0,0,0,0,0,0,0,0,0,0,0,0,0,0,0,0,0,0,0,0,0,0,0,0,0,0,0,0,0,0,0,0,0,0,0,0,0,0,0,0,0,0,0,0,0,0,0,0,0,0,0,0,0
0,0,0,0,0,0,0,0,0,0,0,0,0,0,0,0,0,0,0,0,0,0,0,0,0,0,0,0,0,0,0,0,0,0,0,0,0,0,0,0,0,0,0,0,0,0,0,0,0,0,0,0,0,0,0,0,0,0,0,0,0,0,0,0,0,0,0,0,0,0,0,0,0,0,0,0,0,0,0,0,0,0,0,0,0,0,0,0,0,0,0,0,0,0,0,0,0,0,0,0,0,0,0,0,0,0,0,0,0,0,0,0,0,0,0,0,0,0,0,0,0,0,0,0,0,0,0,0,0,0,0,0,0,0,0,0,0,0,0,0,0,0,0,0,0,0,0,0,0,0,0,0,0,0,0,0,0,0,0,0,0,0,0,0,0,0,0,0,0,0,0,0,0,0,0,0,0,0,0,0,0,0,0,0,0,0,0,0,0,0,0,0,0,0,0,0,0,0,0,0,0,0,0,0,0,0,0,0,0,0,0,0,0,0,0,0,0,0,0,0,0,0,0,0,0,0,0,0,0,0,0,0,0,0,0,0,0,0,0,0,0,0,0,0,0,0,0,0,0,0,0,0,0,0,0,0,0,0,0,0,0,0,0,0,0,0,0,0,0,0,0,0,0,0,0,0,0,0,0,0,0,0,0,0,0,0,0,0,0,0,0,0,0,0,0,0,0,0,0,0,0,0,0,0,0,0,0,0,0,0,0,0,0,0,0,0,0,0,0,0,0,0,0,0,0,0,0,0,0,0,0,0,0,0,0,0,0,0,0,0,0,0,0,0,0,0,0,0,0,0,0,0,0,0,0,0,0,0,0,0,0,0,0,0,0,0,0,0,0,0,0,0,0,0,0,0,0,0,0,0,0,0,0,0,0,0,0,0,0,0,0,0,0,0,0,0,0,0,0,0,0,0,0,0,0,0,0,0,0,0,0,0,0,0,0,0,0,0,0,0,0,0,0,0,0,0,0,0,0,0,0,0,0,0,0,0,0,0,0,0,0,0,0,0,0,0,0,0,0,0,0,0,0,0,0,0,0,0,0,0,0,0,0,0,0,0,0,0,0,0,0,0,0,0,0,0,0,0,0,0,0,0,0,0,0,0,0,0,0,0,0,0,0,0,0,0,0,0,0,0
0,0,0,0,0,0,0,0,0,0,0,0,0,0,0,0,0,0,0,0,0,0,0,0,0,0,0,0,0,0,0,0,0,0,0,0,0,0,0,0,0,0,0,0,0,0,0,0,0,0,0,0,0,0,0,0,0,0,0,0,0,0,0,0,0,0,0,0,0,0,0,0,0,0,0,0,0,0,0,0,0,0,0,0,0,0,0,0,0,0,0,0,0,0,0,0,0,0,0,0,0,0,0,0,0,0,0,0,0,0,0,0,0,0,0,0,0,0,0,0,0,0,0,0,0,0,0,0,0,0,0,0,0,0,0,0,0,0,0,0,0,0,0,0,0,0,0,0,0,0,0,0,0,0,0,0,0,0,0,0,0,0,0,0,0,0,0,0,0,0,0,0,0,0,0,0,0,0,0,0,0,0,0,0,0,0,0,0,0,0,0,0,0,0,0,0,0,0,0,0,0,0,0,0,0,0,0,0,0,0,0,0,0,0,0,0,0,0,0,0,0,0,0,0,0,0,0,0,0,0,0,0,0,0,0,0,0,0,0,0,0,0,0,0,0,0,0,0,0,0,0,0,0,0,0,0,0,0,0,0,0,0,0,0,0,0,0,0,0,0,0,0,0,0,0,0,0,0,0,0,0,0,0,0,0,0,0,0,0,0,0,0,0,0,0,0,0,0,0,0,0,0,0,0,0,0,0,0,0,0,0,0,0,0,0,0,0,0,0,0,0,0,0,0,0,0,0,0,0,0,0,0,0,0,0,0,0,0,0,0,0,0,0,0,0,0,0,0,0,0,0,0,0,0,0,0,0,0,0,0,0,0,0,0,0,0,0,0,0,0,0,0,0,0,0,0,0,0,0,0,0,0,0,0,0,0,0,0,0,0,0,0,0,0,0,0,0,0,0,0,0,0,0,0,0,0,0,0,0,0,0,0,0,0,0,0,0,0,0,0,0,0,0,0,0,0,0,0,0,0,0,0,0,0,0,0,0,0,0,0,0,0,0,0,0,0,0,0,0,0,0,0,0,0,0,0,0,0,0,0,0,0,0,0,0,0,0,0,0,0,0,0,0,0,0,0,0,0,0,0,0,0,0,0,0,0,0,0,0,0,0,0,0,0,0,0,0,0,0,0
0,0,0,0,0,0,0,0,0,0,0,0,0,0,0,0,0,0,0,0,0,0,0,0,0,0,0,0,0,0,0,0,0,0,0,0,0,0,0,0,0,0,0,0,0,0,0,0,0,0,0,0,0,0,0,0,0,0,0,0,0,0,0,0,0,0,0,0,0,0,0,0,0,0,0,0,0,0,0,0,0,0,0,0,0,0,0,0,0,0,0,0,0,0,0,0,0,0,0,0,0,0,0,0,0,0,0,0,0,0,0,0,0,0,0,0,0,0,0,0,0,0,0,0,0,0,0,0,0,0,0,0,0,0,0,0,0,0,0,0,0,0,0,0,0,0,0,0,0,0,0,0,0,0,0,0,0,0,0,0,0,0,0,0,0,0,0,0,0,0,0,0,0,0,0,0,0,0,0,0,0,0,0,0,0,0,0,0,0,0,0,0,0,0,0,0,0,0,0,0,0,0,0,0,0,0,0,0,0,0,0,0,0,0,0,0,0,0,0,0,0,0,0,0,0,0,0,0,0,0,0,0,0,0,0,0,0,0,0,0,0,0,0,0,0,0,0,0,0,0,0,0,0,0,0,0,0,0,0,0,0,0,0,0,0,0,0,0,0,0,0,0,0,0,0,0,0,0,0,0,0,0,0,0,0,0,0,0,0,0,0,0,0,0,0,0,0,0,0,0,0,0,0,0,0,0,0,0,0,0,0,0,0,0,0,0,0,0,0,0,0,0,0,0,0,0,0,0,0,0,0,0,0,0,0,0,0,0,0,0,0,0,0,0,0,0,0,0,0,0,0,0,0,0,0,0,0,0,0,0,0,0,0,0,0,0,0,0,0,0,0,0,0,0,0,0,0,0,0,0,0,0,0,0,0,0,0,0,0,0,0,0,0,0,0,0,0,0,0,0,0,0,0,0,0,0,0,0,0,0,0,0,0,0,0,0,0,0,0,0,0,0,0,0,0,0,0,0,0,0,0,0,0,0,0,0,0,0,0,0,0,0,0,0,0,0,0,0,0,0,0,0,0,0,0,0,0,0,0,0,0,0,0,0,0,0,0,0,0,0,0,0,0,0,0,0,0,0,0,0,0,0,0,0,0,0,0,0,0,0,0,0,0,0,0,0,0,0,0,0
0,0,0,0,0,0,0,0,0,0,0,0,0,0,0,0,0,0,0,0,0,0,0,0,0,0,0,0,0,0,0,0,0,0,0,0,0,0,0,0,0,0,0,0,0,0,0,0,0,0,0,0,0,0,0,0,0,0,0,0,0,0,0,0,0,0,0,0,0,0,0,0,0,0,0,0,0,0,0,0,0,0,0,0,0,0,0,0,0,0,0,0,0,0,0,0,0,0,0,0,0,0,0,0,0,0,0,0,0,0,0,0,0,0,0,0,0,0,0,0,0,0,0,0,0,0,0,0,0,0,0,0,0,0,0,0,0,0,0,0,0,0,0,0,0,0,0,0,0,0,0,0,0,0,0,0,0,0,0,0,0,0,0,0,0,0,0,0,0,0,0,0,0,0,0,0,0,0,0,0,0,0,0,0,0,0,0,0,0,0,0,0,0,0,0,0,0,0,0,0,0,0,0,0,0,0,0,0,0,0,0,0,0,0,0,0,0,0,0,0,0,0,0,0,0,0,0,0,0,0,0,0,0,0,0,0,0,0,0,0,0,0,0,0,0,0,0,0,0,0,0,0,0,0,0,0,0,0,0,0,0,0,0,0,0,0,0,0,0,0,0,0,0,0,0,0,0,0,0,0,0,0,0,0,0,0,0,0,0,0,0,0,0,0,0,0,0,0,0,0,0,0,0,0,0,0,0,0,0,0,0,0,0,0,0,0,0,0,0,0,0,0,0,0,0,0,0,0,0,0,0,0,0,0,0,0,0,0,0,0,0,0,0,0,0,0,0,0,0,0,0,0,0,0,0,0,0,0,0,0,0,0,0,0,0,0,0,0,0,0,0,0,0,0,0,0,0,0,0,0,0,0,0,0,0,0,0,0,0,0,0,0,0,0,0,0,0,0,0,0,0,0,0,0,0,0,0,0,0,0,0,0,0,0,0,0,0,0,0,0,0,0,0,0,0,0,0,0,0,0,0,0,0,0,0,0,0,0,0,0,0,0,0,0,0,0,0,0,0,0,0,0,0,0,0,0,0,0,0,0,0,0,0,0,0,0,0,0,0,0,0,0,0,0,0,0,0,0,0,0,0,0,0,0,0,0,0,0,0,0,0,0,0,0,0,0,0,0,0,0
0,0,0,0,0,0,0,0,0,0,0,0,0,0,0,0,0,0,0,0,0,0,0,0,0,0,0,0,0,0,0,0,0,0,0,0,0,0,0,0,0,0,0,0,0,0,0,0,0,0,0,0,0,0,0,0,0,0,0,0,0,0,0,0,0,0,0,0,0,0,0,0,0,0,0,0,0,0,0,0,0,0,0,0,0,0,0,0,0,0,0,0,0,0,0,0,0,0,0,0,0,0,0,0,0,0,0,0,0,0,0,0,0,0,0,0,0,0,0,0,0,0,0,0,0,0,0,0,0,0,0,0,0,0,0,0,0,0,0,0,0,0,0,0,0,0,0,0,0,0,0,0,0,0,0,0,0,0,0,0,0,0,0,0,0,0,0,0,0,0,0,0,0,0,0,0,0,0,0,0,0,0,0,0,0,0,0,0,0,0,0,0,0,0,0,0,0,0,0,0,0,0,0,0,0,0,0,0,0,0,0,0,0,0,0,0,0,0,0,0,0,0,0,0,0,0,0,0,0,0,0,0,0,0,0,0,0,0,0,0,0,0,0,0,0,0,0,0,0,0,0,0,0,0,0,0,0,0,0,0,0,0,0,0,0,0,0,0,0,0,0,0,0,0,0,0,0,0,0,0,0,0,0,0,0,0,0,0,0,0,0,0,0,0,0,0,0,0,0,0,0,0,0,0,0,0,0,0,0,0,0,0,0,0,0,0,0,0,0,0,0,0,0,0,0,0,0,0,0,0,0,0,0,0,0,0,0,0,0,0,0,0,0,0,0,0,0,0,0,0,0,0,0,0,0,0,0,0,0,0,0,0,0,0,0,0,0,0,0,0,0,0,0,0,0,0,0,0,0,0,0,0,0,0,0,0,0,0,0,0,0,0,0,0,0,0,0,0,0,0,0,0,0,0,0,0,0,0,0,0,0,0,0,0,0,0,0,0,0,0,0,0,0,0,0,0,0,0,0,0,0,0,0,0,0,0,0,0,0,0,0,0,0,0,0,0,0,0,0,0,0,0,0,0,0,0,0,0,0,0,0,0,0,0,0,0,0,0,0,0,0,0,0,0,0,0,0,0,0,0,0,0,0,0,0,0,0,0,0,0,0,0,0,0,0,0,0,0,0,0
0,0,0,0,0,0,0,0,0,0,0,0,0,0,0,0,0,0,0,0,0,0,0,0,0,0,0,0,0,0,0,0,0,0,0,0,0,0,0,0,0,0,0,0,0,0,0,0,0,0,0,0,0,0,0,0,0,0,0,0,0,0,0,0,0,0,0,0,0,0,0,0,0,0,0,0,0,0,0,0,0,0,0,0,0,0,0,0,0,0,0,0,0,0,0,0,0,0,0,0,0,0,0,0,0,0,0,0,0,0,0,0,0,0,0,0,0,0,0,0,0,0,0,0,0,0,0,0,0,0,0,0,0,0,0,0,0,0,0,0,0,0,0,0,0,0,0,0,0,0,0,0,0,0,0,0,0,0,0,0,0,0,0,0,0,0,0,0,0,0,0,0,0,0,0,0,0,0,0,0,0,0,0,0,0,0,0,0,0,0,0,0,0,0,0,0,0,0,0,0,0,0,0,0,0,0,0,0,0,0,0,0,0,0,0,0,0,0,0,0,0,0,0,0,0,0,0,0,0,0,0,0,0,0,0,0,0,0,0,0,0,0,0,0,0,0,0,0,0,0,0,0,0,0,0,0,0,0,0,0,0,0,0,0,0,0,0,0,0,0,0,0,0,0,0,0,0,0,0,0,0,0,0,0,0,0,0,0,0,0,0,0,0,0,0,0,0,0,0,0,0,0,0,0,0,0,0,0,0,0,0,0,0,0,0,0,0,0,0,0,0,0,0,0,0,0,0,0,0,0,0,0,0,0,0,0,0,0,0,0,0,0,0,0,0,0,0,0,0,0,0,0,0,0,0,0,0,0,0,0,0,0,0,0,0,0,0,0,0,0,0,0,0,0,0,0,0,0,0,0,0,0,0,0,0,0,0,0,0,0,0,0,0,0,0,0,0,0,0,0,0,0,0,0,0,0,0,0,0,0,0,0,0,0,0,0,0,0,0,0,0,0,0,0,0,0,0,0,0,0,0,0,0,0,0,0,0,0,0,0,0,0,0,0,0,0,0,0,0,0,0,0,0,0,0,0,0,0,0,0,0,0,0,0,0,0,0,0,0,0,0,0,0,0,0,0,0,0,0,0,0,0,0,0,0,0,0,0,0,0,0,0,0,0,0,0,0,0,0,0
0,0,0,0,0,0,0,0,0,0,0,0,0,0,0,0,0,0,0,0,0,0,0,0,0,0,0,0,0,0,0,0,0,0,0,0,0,0,0,0,0,0,0,0,0,0,0,0,0,0,0,0,0,0,0,0,0,0,0,0,0,0,0,0,0,0,0,0,0,0,0,0,0,0,0,0,0,0,0,0,0,0,0,0,0,0,0,0,0,0,0,0,0,0,0,0,0,0,0,0,0,0,0,0,0,0,0,0,0,0,0,0,0,0,0,0,0,0,0,0,0,0,0,0,0,0,0,0,0,0,0,0,0,0,0,0,0,0,0,0,0,0,0,0,0,0,0,0,0,0,0,0,0,0,0,0,0,0,0,0,0,0,0,0,0,0,0,0,0,0,0,0,0,0,0,0,0,0,0,0,0,0,0,0,0,0,0,0,0,0,0,0,0,0,0,0,0,0,0,0,0,0,0,0,0,0,0,0,0,0,0,0,0,0,0,0,0,0,0,0,0,0,0,0,0,0,0,0,0,0,0,0,0,0,0,0,0,0,0,0,0,0,0,0,0,0,0,0,0,0,0,0,0,0,0,0,0,0,0,0,0,0,0,0,0,0,0,0,0,0,0,0,0,0,0,0,0,0,0,0,0,0,0,0,0,0,0,0,0,0,0,0,0,0,0,0,0,0,0,0,0,0,0,0,0,0,0,0,0,0,0,0,0,0,0,0,0,0,0,0,0,0,0,0,0,0,0,0,0,0,0,0,0,0,0,0,0,0,0,0,0,0,0,0,0,0,0,0,0,0,0,0,0,0,0,0,0,0,0,0,0,0,0,0,0,0,0,0,0,0,0,0,0,0,0,0,0,0,0,0,0,0,0,0,0,0,0,0,0,0,0,0,0,0,0,0,0,0,0,0,0,0,0,0,0,0,0,0,0,0,0,0,0,0,0,0,0,0,0,0,0,0,0,0,0,0,0,0,0,0,0,0,0,0,0,0,0,0,0,0,0,0,0,0,0,0,0,0,0,0,0,0,0,0,0,0,0,0,0,0,0,0,0,0,0,0,0,0,0,0,0,0,0,0,0,0,0,0,0,0,0,0,0,0,0,0,0,0,0,0,0,0,0,0,0,0,0,0,0,0
0,0,0,0,0,0,0,0,0,0,0,0,0,0,0,0,0,0,0,0,0,0,0,0,0,0,0,0,0,0,0,0,0,0,0,0,0,0,0,0,0,0,0,0,0,0,0,0,0,0,0,0,0,0,0,0,0,0,0,0,0,0,0,0,0,0,0,0,0,0,0,0,0,0,0,0,0,0,0,0,0,0,0,0,0,0,0,0,0,0,0,0,0,0,0,0,0,0,0,0,0,0,0,0,0,0,0,0,0,0,0,0,0,0,0,0,0,0,0,0,0,0,0,0,0,0,0,0,0,0,0,0,0,0,0,0,0,0,0,0,0,0,0,0,0,0,0,0,0,0,0,0,0,0,0,0,0,0,0,0,0,0,0,0,0,0,0,0,0,0,0,0,0,0,0,0,0,0,0,0,0,0,0,0,0,0,0,0,0,0,0,0,0,0,0,0,0,0,0,0,0,0,0,0,0,0,0,0,0,0,0,0,0,0,0,0,0,0,0,0,0,0,0,0,0,0,0,0,0,0,0,0,0,0,0,0,0,0,0,0,0,0,0,0,0,0,0,0,0,0,0,0,0,0,0,0,0,0,0,0,0,0,0,0,0,0,0,0,0,0,0,0,0,0,0,0,0,0,0,0,0,0,0,0,0,0,0,0,0,0,0,0,0,0,0,0,0,0,0,0,0,0,0,0,0,0,0,0,0,0,0,0,0,0,0,0,0,0,0,0,0,0,0,0,0,0,0,0,0,0,0,0,0,0,0,0,0,0,0,0,0,0,0,0,0,0,0,0,0,0,0,0,0,0,0,0,0,0,0,0,0,0,0,0,0,0,0,0,0,0,0,0,0,0,0,0,0,0,0,0,0,0,0,0,0,0,0,0,0,0,0,0,0,0,0,0,0,0,0,0,0,0,0,0,0,0,0,0,0,0,0,0,0,0,0,0,0,0,0,0,0,0,0,0,0,0,0,0,0,0,0,0,0,0,0,0,0,0,0,0,0,0,0,0,0,0,0,0,0,0,0,0,0,0,0,0,0,0,0,0,0,0,0,0,0,0,0,0,0,0,0,0,0,0,0,0,0,0,0,0,0,0,0,0,0,0,0,0,0,0,0,0,0,0,0,0,0,0,0,0
0,0,0,0,0,0,0,0,0,0,0,0,0,0,0,0,0,0,0,0,0,0,0,0,0,0,0,0,0,0,0,0,0,0,0,0,0,0,0,0,0,0,0,0,0,0,0,0,0,0,0,0,0,0,0,0,0,0,0,0,0,0,0,0,0,0,0,0,0,0,0,0,0,0,0,0,0,0,0,0,0,0,0,0,0,0,0,0,0,0,0,0,0,0,0,0,0,0,0,0,0,0,0,0,0,0,0,0,0,0,0,0,0,0,0,0,0,0,0,0,0,0,0,0,0,0,0,0,0,0,0,0,0,0,0,0,0,0,0,0,0,0,0,0,0,0,0,0,0,0,0,0,0,0,0,0,0,0,0,0,0,0,0,0,0,0,0,0,0,0,0,0,0,0,0,0,0,0,0,0,0,0,0,0,0,0,0,0,0,0,0,0,0,0,0,0,0,0,0,0,0,0,0,0,0,0,0,0,0,0,0,0,0,0,0,0,0,0,0,0,0,0,0,0,0,0,0,0,0,0,0,0,0,0,0,0,0,0,0,0,0,0,0,0,0,0,0,0,0,0,0,0,0,0,0,0,0,0,0,0,0,0,0,0,0,0,0,0,0,0,0,0,0,0,0,0,0,0,0,0,0,0,0,0,0,0,0,0,0,0,0,0,0,0,0,0,0,0,0,0,0,0,0,0,0,0,0,0,0,0,0,0,0,0,0,0,0,0,0,0,0,0,0,0,0,0,0,0,0,0,0,0,0,0,0,0,0,0,0,0,0,0,0,0,0,0,0,0,0,0,0,0,0,0,0,0,0,0,0,0,0,0,0,0,0,0,0,0,0,0,0,0,0,0,0,0,0,0,0,0,0,0,0,0,0,0,0,0,0,0,0,0,0,0,0,0,0,0,0,0,0,0,0,0,0,0,0,0,0,0,0,0,0,0,0,0,0,0,0,0,0,0,0,0,0,0,0,0,0,0,0,0,0,0,0,0,0,0,0,0,0,0,0,0,0,0,0,0,0,0,0,0,0,0,0,0,0,0,0,0,0,0,0,0,0,0,0,0,0,0,0,0,0,0,0,0,0,0,0,0,0,0,0,0,0,0,0,0,0,0,0,0,0,0,0,0,0,0,0,0
0,0,0,0,0,0,0,0,0,0,0,0,0,0,0,0,0,0,0,0,0,0,0,0,0,0,0,0,0,0,0,0,0,0,0,0,0,0,0,0,0,0,0,0,0,0,0,0,0,0,0,0,0,0,0,0,0,0,0,0,0,0,0,0,0,0,0,0,0,0,0,0,0,0,0,0,0,0,0,0,0,0,0,0,0,0,0,0,0,0,0,0,0,0,0,0,0,0,0,0,0,0,0,0,0,0,0,0,0,0,0,0,0,0,0,0,0,0,0,0,0,0,0,0,0,0,0,0,0,0,0,0,0,0,0,0,0,0,0,0,0,0,0,0,0,0,0,0,0,0,0,0,0,0,0,0,0,0,0,0,0,0,0,0,0,0,0,0,0,0,0,0,0,0,0,0,0,0,0,0,0,0,0,0,0,0,0,0,0,0,0,0,0,0,0,0,0,0,0,0,0,0,0,0,0,0,0,0,0,0,0,0,0,0,0,0,0,0,0,0,0,0,0,0,0,0,0,0,0,0,0,0,0,0,0,0,0,0,0,0,0,0,0,0,0,0,0,0,0,0,0,0,0,0,0,0,0,0,0,0,0,0,0,0,0,0,0,0,0,0,0,0,0,0,0,0,0,0,0,0,0,0,0,0,0,0,0,0,0,0,0,0,0,0,0,0,0,0,0,0,0,0,0,0,0,0,0,0,0,0,0,0,0,0,0,0,0,0,0,0,0,0,0,0,0,0,0,0,0,0,0,0,0,0,0,0,0,0,0,0,0,0,0,0,0,0,0,0,0,0,0,0,0,0,0,0,0,0,0,0,0,0,0,0,0,0,0,0,0,0,0,0,0,0,0,0,0,0,0,0,0,0,0,0,0,0,0,0,0,0,0,0,0,0,0,0,0,0,0,0,0,0,0,0,0,0,0,0,0,0,0,0,0,0,0,0,0,0,0,0,0,0,0,0,0,0,0,0,0,0,0,0,0,0,0,0,0,0,0,0,0,0,0,0,0,0,0,0,0,0,0,0,0,0,0,0,0,0,0,0,0,0,0,0,0,0,0,0,0,0,0,0,0,0,0,0,0,0,0,0,0,0,0,0,0,0,0,0,0,0,0,0,0,0,0,0,0,0,0,0
0,0,0,0,0,0,0,0,0,0,0,0,0,0,0,0,0,0,0,0,0,0,0,0,0,0,0,0,0,0,0,0,0,0,0,0,0,0,0,0,0,0,0,0,0,0,0,0,0,0,0,0,0,0,0,0,0,0,0,0,0,0,0,0,0,0,0,0,0,0,0,0,0,0,0,0,0,0,0,0,0,0,0,0,0,0,0,0,0,0,0,0,0,0,0,0,0,0,0,0,0,0,0,0,0,0,0,0,0,0,0,0,0,0,0,0,0,0,0,0,0,0,0,0,0,0,0,0,0,0,0,0,0,0,0,0,0,0,0,0,0,0,0,0,0,0,0,0,0,0,0,0,0,0,0,0,0,0,0,0,0,0,0,0,0,0,0,0,0,0,0,0,0,0,0,0,0,0,0,0,0,0,0,0,0,0,0,0,0,0,0,0,0,0,0,0,0,0,0,0,0,0,0,0,0,0,0,0,0,0,0,0,0,0,0,0,0,0,0,0,0,0,0,0,0,0,0,0,0,0,0,0,0,0,0,0,0,0,0,0,0,0,0,0,0,0,0,0,0,0,0,0,0,0,0,0,0,0,0,0,0,0,0,0,0,0,0,0,0,0,0,0,0,0,0,0,0,0,0,0,0,0,0,0,0,0,0,0,0,0,0,0,0,0,0,0,0,0,0,0,0,0,0,0,0,0,0,0,0,0,0,0,0,0,0,0,0,0,0,0,0,0,0,0,0,0,0,0,0,0,0,0,0,0,0,0,0,0,0,0,0,0,0,0,0,0,0,0,0,0,0,0,0,0,0,0,0,0,0,0,0,0,0,0,0,0,0,0,0,0,0,0,0,0,0,0,0,0,0,0,0,0,0,0,0,0,0,0,0,0,0,0,0,0,0,0,0,0,0,0,0,0,0,0,0,0,0,0,0,0,0,0,0,0,0,0,0,0,0,0,0,0,0,0,0,0,0,0,0,0,0,0,0,0,0,0,0,0,0,0,0,0,0,0,0,0,0,0,0,0,0,0,0,0,0,0,0,0,0,0,0,0,0,0,0,0,0,0,0,0,0,0,0,0,0,0,0,0,0,0,0,0,0,0,0,0,0,0,0,0,0,0,0,0,0,0,0,0,0,0
0,0,0,0,0,0,0,0,0,0,0,0,0,0,0,0,0,0,0,0,0,0,0,0,0,0,0,0,0,0,0,0,0,0,0,0,0,0,0,0,0,0,0,0,0,0,0,0,0,0,0,0,0,0,0,0,0,0,0,0,0,0,0,0,0,0,0,0,0,0,0,0,0,0,0,0,0,0,0,0,0,0,0,0,0,0,0,0,0,0,0,0,0,0,0,0,0,0,0,0,0,0,0,0,0,0,0,0,0,0,0,0,0,0,0,0,0,0,0,0,0,0,0,0,0,0,0,0,0,0,0,0,0,0,0,0,0,0,0,0,0,0,0,0,0,0,0,0,0,0,0,0,0,0,0,0,0,0,0,0,0,0,0,0,0,0,0,0,0,0,0,0,0,0,0,0,0,0,0,0,0,0,0,0,0,0,0,0,0,0,0,0,0,0,0,0,0,0,0,0,0,0,0,0,0,0,0,0,0,0,0,0,0,0,0,0,0,0,0,0,0,0,0,0,0,0,0,0,0,0,0,0,0,0,0,0,0,0,0,0,0,0,0,0,0,0,0,0,0,0,0,0,0,0,0,0,0,0,0,0,0,0,0,0,0,0,0,0,0,0,0,0,0,0,0,0,0,0,0,0,0,0,0,0,0,0,0,0,0,0,0,0,0,0,0,0,0,0,0,0,0,0,0,0,0,0,0,0,0,0,0,0,0,0,0,0,0,0,0,0,0,0,0,0,0,0,0,0,0,0,0,0,0,0,0,0,0,0,0,0,0,0,0,0,0,0,0,0,0,0,0,0,0,0,0,0,0,0,0,0,0,0,0,0,0,0,0,0,0,0,0,0,0,0,0,0,0,0,0,0,0,0,0,0,0,0,0,0,0,0,0,0,0,0,0,0,0,0,0,0,0,0,0,0,0,0,0,0,0,0,0,0,0,0,0,0,0,0,0,0,0,0,0,0,0,0,0,0,0,0,0,0,0,0,0,0,0,0,0,0,0,0,0,0,0,0,0,0,0,0,0,0,0,0,0,0,0,0,0,0,0,0,0,0,0,0,0,0,0,0,0,0,0,0,0,0,0,0,0,0,0,0,0,0,0,0,0,0,0,0,0,0,0,0,0,0,0,0,0,0
0,0,0,0,0,0,0,0,0,0,0,0,0,0,0,0,0,0,0,0,0,0,0,0,0,0,0,0,0,0,0,0,0,0,0,0,0,0,0,0,0,0,0,0,0,0,0,0,0,0,0,0,0,0,0,0,0,0,0,0,0,0,0,0,0,0,0,0,0,0,0,0,0,0,0,0,0,0,0,0,0,0,0,0,0,0,0,0,0,0,0,0,0,0,0,0,0,0,0,0,0,0,0,0,0,0,0,0,0,0,0,0,0,0,0,0,0,0,0,0,0,0,0,0,0,0,0,0,0,0,0,0,0,0,0,0,0,0,0,0,0,0,0,0,0,0,0,0,0,0,0,0,0,0,0,0,0,0,0,0,0,0,0,0,0,0,0,0,0,0,0,0,0,0,0,0,0,0,0,0,0,0,0,0,0,0,0,0,0,0,0,0,0,0,0,0,0,0,0,0,0,0,0,0,0,0,0,0,0,0,0,0,0,0,0,0,0,0,0,0,0,0,0,0,0,0,0,0,0,0,0,0,0,0,0,0,0,0,0,0,0,0,0,0,0,0,0,0,0,0,0,0,0,0,0,0,0,0,0,0,0,0,0,0,0,0,0,0,0,0,0,0,0,0,0,0,0,0,0,0,0,0,0,0,0,0,0,0,0,0,0,0,0,0,0,0,0,0,0,0,0,0,0,0,0,0,0,0,0,0,0,0,0,0,0,0,0,0,0,0,0,0,0,0,0,0,0,0,0,0,0,0,0,0,0,0,0,0,0,0,0,0,0,0,0,0,0,0,0,0,0,0,0,0,0,0,0,0,0,0,0,0,0,0,0,0,0,0,0,0,0,0,0,0,0,0,0,0,0,0,0,0,0,0,0,0,0,0,0,0,0,0,0,0,0,0,0,0,0,0,0,0,0,0,0,0,0,0,0,0,0,0,0,0,0,0,0,0,0,0,0,0,0,0,0,0,0,0,0,0,0,0,0,0,0,0,0,0,0,0,0,0,0,0,0,0,0,0,0,0,0,0,0,0,0,0,0,0,0,0,0,0,0,0,0,0,0,0,0,0,0,0,0,0,0,0,0,0,0,0,0,0,0,0,0,0,0,0,0,0,0,0,0,0,0,0,0,0,0,0
0,0,0,0,0,0,0,0,0,0,0,0,0,0,0,0,0,0,0,0,0,0,0,0,0,0,0,0,0,0,0,0,0,0,0,0,0,0,0,0,0,0,0,0,0,0,0,0,0,0,0,0,0,0,0,0,0,0,0,0,0,0,0,0,0,0,0,0,0,0,0,0,0,0,0,0,0,0,0,0,0,0,0,0,0,0,0,0,0,0,0,0,0,0,0,0,0,0,0,0,0,0,0,0,0,0,0,0,0,0,0,0,0,0,0,0,0,0,0,0,0,0,0,0,0,0,0,0,0,0,0,0,0,0,0,0,0,0,0,0,0,0,0,0,0,0,0,0,0,0,0,0,0,0,0,0,0,0,0,0,0,0,0,0,0,0,0,0,0,0,0,0,0,0,0,0,0,0,0,0,0,0,0,0,0,0,0,0,0,0,0,0,0,0,0,0,0,0,0,0,0,0,0,0,0,0,0,0,0,0,0,0,0,0,0,0,0,0,0,0,0,0,0,0,0,0,0,0,0,0,0,0,0,0,0,0,0,0,0,0,0,0,0,0,0,0,0,0,0,0,0,0,0,0,0,0,0,0,0,0,0,0,0,0,0,0,0,0,0,0,0,0,0,0,0,0,0,0,0,0,0,0,0,0,0,0,0,0,0,0,0,0,0,0,0,0,0,0,0,0,0,0,0,0,0,0,0,0,0,0,0,0,0,0,0,0,0,0,0,0,0,0,0,0,0,0,0,0,0,0,0,0,0,0,0,0,0,0,0,0,0,0,0,0,0,0,0,0,0,0,0,0,0,0,0,0,0,0,0,0,0,0,0,0,0,0,0,0,0,0,0,0,0,0,0,0,0,0,0,0,0,0,0,0,0,0,0,0,0,0,0,0,0,0,0,0,0,0,0,0,0,0,0,0,0,0,0,0,0,0,0,0,0,0,0,0,0,0,0,0,0,0,0,0,0,0,0,0,0,0,0,0,0,0,0,0,0,0,0,0,0,0,0,0,0,0,0,0,0,0,0,0,0,0,0,0,0,0,0,0,0,0,0,0,0,0,0,0,0,0,0,0,0,0,0,0,0,0,0,0,0,0,0,0,0,0,0,0,0,0,0,0,0,0,0,0,0,0,0,0
0,0,0,0,0,0,0,0,0,0,0,0,0,0,0,0,0,0,0,0,0,0,0,0,0,0,0,0,0,0,0,0,0,0,0,0,0,0,0,0,0,0,0,0,0,0,0,0,0,0,0,0,0,0,0,0,0,0,0,0,0,0,0,0,0,0,0,0,0,0,0,0,0,0,0,0,0,0,0,0,0,0,0,0,0,0,0,0,0,0,0,0,0,0,0,0,0,0,0,0,0,0,0,0,0,0,0,0,0,0,0,0,0,0,0,0,0,0,0,0,0,0,0,0,0,0,0,0,0,0,0,0,0,0,0,0,0,0,0,0,0,0,0,0,0,0,0,0,0,0,0,0,0,0,0,0,0,0,0,0,0,0,0,0,0,0,0,0,0,0,0,0,0,0,0,0,0,0,0,0,0,0,0,0,0,0,0,0,0,0,0,0,0,0,0,0,0,0,0,0,0,0,0,0,0,0,0,0,0,0,0,0,0,0,0,0,0,0,0,0,0,0,0,0,0,0,0,0,0,0,0,0,0,0,0,0,0,0,0,0,0,0,0,0,0,0,0,0,0,0,0,0,0,0,0,0,0,0,0,0,0,0,0,0,0,0,0,0,0,0,0,0,0,0,0,0,0,0,0,0,0,0,0,0,0,0,0,0,0,0,0,0,0,0,0,0,0,0,0,0,0,0,0,0,0,0,0,0,0,0,0,0,0,0,0,0,0,0,0,0,0,0,0,0,0,0,0,0,0,0,0,0,0,0,0,0,0,0,0,0,0,0,0,0,0,0,0,0,0,0,0,0,0,0,0,0,0,0,0,0,0,0,0,0,0,0,0,0,0,0,0,0,0,0,0,0,0,0,0,0,0,0,0,0,0,0,0,0,0,0,0,0,0,0,0,0,0,0,0,0,0,0,0,0,0,0,0,0,0,0,0,0,0,0,0,0,0,0,0,0,0,0,0,0,0,0,0,0,0,0,0,0,0,0,0,0,0,0,0,0,0,0,0,0,0,0,0,0,0,0,0,0,0,0,0,0,0,0,0,0,0,0,0,0,0,0,0,0,0,0,0,0,0,0,0,0,0,0,0,0,0,0,0,0,0,0,0,0,0,0,0,0,0,0,0,0,0,0,0,0
0,0,0,0,0,0,0,0,0,0,0,0,0,0,0,0,0,0,0,0,0,0,0,0,0,0,0,0,0,0,0,0,0,0,0,0,0,0,0,0,0,0,0,0,0,0,0,0,0,0,0,0,0,0,0,0,0,0,0,0,0,0,0,0,0,0,0,0,0,0,0,0,0,0,0,0,0,0,0,0,0,0,0,0,0,0,0,0,0,0,0,0,0,0,0,0,0,0,0,0,0,0,0,0,0,0,0,0,0,0,0,0,0,0,0,0,0,0,0,0,0,0,0,0,0,0,0,0,0,0,0,0,0,0,0,0,0,0,0,0,0,0,0,0,0,0,0,0,0,0,0,0,0,0,0,0,0,0,0,0,0,0,0,0,0,0,0,0,0,0,0,0,0,0,0,0,0,0,0,0,0,0,0,0,0,0,0,0,0,0,0,0,0,0,0,0,0,0,0,0,0,0,0,0,0,0,0,0,0,0,0,0,0,0,0,0,0,0,0,0,0,0,0,0,0,0,0,0,0,0,0,0,0,0,0,0,0,0,0,0,0,0,0,0,0,0,0,0,0,0,0,0,0,0,0,0,0,0,0,0,0,0,0,0,0,0,0,0,0,0,0,0,0,0,0,0,0,0,0,0,0,0,0,0,0,0,0,0,0,0,0,0,0,0,0,0,0,0,0,0,0,0,0,0,0,0,0,0,0,0,0,0,0,0,0,0,0,0,0,0,0,0,0,0,0,0,0,0,0,0,0,0,0,0,0,0,0,0,0,0,0,0,0,0,0,0,0,0,0,0,0,0,0,0,0,0,0,0,0,0,0,0,0,0,0,0,0,0,0,0,0,0,0,0,0,0,0,0,0,0,0,0,0,0,0,0,0,0,0,0,0,0,0,0,0,0,0,0,0,0,0,0,0,0,0,0,0,0,0,0,0,0,0,0,0,0,0,0,0,0,0,0,0,0,0,0,0,0,0,0,0,0,0,0,0,0,0,0,0,0,0,0,0,0,0,0,0,0,0,0,0,0,0,0,0,0,0,0,0,0,0,0,0,0,0,0,0,0,0,0,0,0,0,0,0,0,0,0,0,0,0,0,0,0,0,0,0,0,0,0,0,0,0,0,0,0,0,0,0,0
0,0,0,0,0,0,0,0,0,0,0,0,0,0,0,0,0,0,0,0,0,0,0,0,0,0,0,0,0,0,0,0,0,0,0,0,0,0,0,0,0,0,0,0,0,0,0,0,0,0,0,0,0,0,0,0,0,0,0,0,0,0,0,0,0,0,0,0,0,0,0,0,0,0,0,0,0,0,0,0,0,0,0,0,0,0,0,0,0,0,0,0,0,0,0,0,0,0,0,0,0,0,0,0,0,0,0,0,0,0,0,0,0,0,0,0,0,0,0,0,0,0,0,0,0,0,0,0,0,0,0,0,0,0,0,0,0,0,0,0,0,0,0,0,0,0,0,0,0,0,0,0,0,0,0,0,0,0,0,0,0,0,0,0,0,0,0,0,0,0,0,0,0,0,0,0,0,0,0,0,0,0,0,0,0,0,0,0,0,0,0,0,0,0,0,0,0,0,0,0,0,0,0,0,0,0,0,0,0,0,0,0,0,0,0,0,0,0,0,0,0,0,0,0,0,0,0,0,0,0,0,0,0,0,0,0,0,0,0,0,0,0,0,0,0,0,0,0,0,0,0,0,0,0,0,0,0,0,0,0,0,0,0,0,0,0,0,0,0,0,0,0,0,0,0,0,0,0,0,0,0,0,0,0,0,0,0,0,0,0,0,0,0,0,0,0,0,0,0,0,0,0,0,0,0,0,0,0,0,0,0,0,0,0,0,0,0,0,0,0,0,0,0,0,0,0,0,0,0,0,0,0,0,0,0,0,0,0,0,0,0,0,0,0,0,0,0,0,0,0,0,0,0,0,0,0,0,0,0,0,0,0,0,0,0,0,0,0,0,0,0,0,0,0,0,0,0,0,0,0,0,0,0,0,0,0,0,0,0,0,0,0,0,0,0,0,0,0,0,0,0,0,0,0,0,0,0,0,0,0,0,0,0,0,0,0,0,0,0,0,0,0,0,0,0,0,0,0,0,0,0,0,0,0,0,0,0,0,0,0,0,0,0,0,0,0,0,0,0,0,0,0,0,0,0,0,0,0,0,0,0,0,0,0,0,0,0,0,0,0,0,0,0,0,0,0,0,0,0,0,0,0,0,0,0,0,0,0,0,0,0,0,0,0,0,0,0,0,0,0
0,0,0,0,0,0,0,0,0,0,0,0,0,0,0,0,0,0,0,0,0,0,0,0,0,0,0,0,0,0,0,0,0,0,0,0,0,0,0,0,0,0,0,0,0,0,0,0,0,0,0,0,0,0,0,0,0,0,0,0,0,0,0,0,0,0,0,0,0,0,0,0,0,0,0,0,0,0,0,0,0,0,0,0,0,0,0,0,0,0,0,0,0,0,0,0,0,0,0,0,0,0,0,0,0,0,0,0,0,0,0,0,0,0,0,0,0,0,0,0,0,0,0,0,0,0,0,0,0,0,0,0,0,0,0,0,0,0,0,0,0,0,0,0,0,0,0,0,0,0,0,0,0,0,0,0,0,0,0,0,0,0,0,0,0,0,0,0,0,0,0,0,0,0,0,0,0,0,0,0,0,0,0,0,0,0,0,0,0,0,0,0,0,0,0,0,0,0,0,0,0,0,0,0,0,0,0,0,0,0,0,0,0,0,0,0,0,0,0,0,0,0,0,0,0,0,0,0,0,0,0,0,0,0,0,0,0,0,0,0,0,0,0,0,0,0,0,0,0,0,0,0,0,0,0,0,0,0,0,0,0,0,0,0,0,0,0,0,0,0,0,0,0,0,0,0,0,0,0,0,0,0,0,0,0,0,0,0,0,0,0,0,0,0,0,0,0,0,0,0,0,0,0,0,0,0,0,0,0,0,0,0,0,0,0,0,0,0,0,0,0,0,0,0,0,0,0,0,0,0,0,0,0,0,0,0,0,0,0,0,0,0,0,0,0,0,0,0,0,0,0,0,0,0,0,0,0,0,0,0,0,0,0,0,0,0,0,0,0,0,0,0,0,0,0,0,0,0,0,0,0,0,0,0,0,0,0,0,0,0,0,0,0,0,0,0,0,0,0,0,0,0,0,0,0,0,0,0,0,0,0,0,0,0,0,0,0,0,0,0,0,0,0,0,0,0,0,0,0,0,0,0,0,0,0,0,0,0,0,0,0,0,0,0,0,0,0,0,0,0,0,0,0,0,0,0,0,0,0,0,0,0,0,0,0,0,0,0,0,0,0,0,0,0,0,0,0,0,0,0,0,0,0,0,0,0,0,0,0,0,0,0,0,0,0,0,0,0,0,0
0,0,0,0,0,0,0,0,0,0,0,0,0,0,0,0,0,0,0,0,0,0,0,0,0,0,0,0,0,0,0,0,0,0,0,0,0,0,0,0,0,0,0,0,0,0,0,0,0,0,0,0,0,0,0,0,0,0,0,0,0,0,0,0,0,0,0,0,0,0,0,0,0,0,0,0,0,0,0,0,0,0,0,0,0,0,0,0,0,0,0,0,0,0,0,0,0,0,0,0,0,0,0,0,0,0,0,0,0,0,0,0,0,0,0,0,0,0,0,0,0,0,0,0,0,0,0,0,0,0,0,0,0,0,0,0,0,0,0,0,0,0,0,0,0,0,0,0,0,0,0,0,0,0,0,0,0,0,0,0,0,0,0,0,0,0,0,0,0,0,0,0,0,0,0,0,0,0,0,0,0,0,0,0,0,0,0,0,0,0,0,0,0,0,0,0,0,0,0,0,0,0,0,0,0,0,0,0,0,0,0,0,0,0,0,0,0,0,0,0,0,0,0,0,0,0,0,0,0,0,0,0,0,0,0,0,0,0,0,0,0,0,0,0,0,0,0,0,0,0,0,0,0,0,0,0,0,0,0,0,0,0,0,0,0,0,0,0,0,0,0,0,0,0,0,0,0,0,0,0,0,0,0,0,0,0,0,0,0,0,0,0,0,0,0,0,0,0,0,0,0,0,0,0,0,0,0,0,0,0,0,0,0,0,0,0,0,0,0,0,0,0,0,0,0,0,0,0,0,0,0,0,0,0,0,0,0,0,0,0,0,0,0,0,0,0,0,0,0,0,0,0,0,0,0,0,0,0,0,0,0,0,0,0,0,0,0,0,0,0,0,0,0,0,0,0,0,0,0,0,0,0,0,0,0,0,0,0,0,0,0,0,0,0,0,0,0,0,0,0,0,0,0,0,0,0,0,0,0,0,0,0,0,0,0,0,0,0,0,0,0,0,0,0,0,0,0,0,0,0,0,0,0,0,0,0,0,0,0,0,0,0,0,0,0,0,0,0,0,0,0,0,0,0,0,0,0,0,0,0,0,0,0,0,0,0,0,0,0,0,0,0,0,0,0,0,0,0,0,0,0,0,0,0,0,0,0,0,0,0,0,0,0,0,0,0,0,0,0,0
0,0,0,0,0,0,0,0,0,0,0,0,0,0,0,0,0,0,0,0,0,0,0,0,0,0,0,0,0,0,0,0,0,0,0,0,0,0,0,0,0,0,0,0,0,0,0,0,0,0,0,0,0,0,0,0,0,0,0,0,0,0,0,0,0,0,0,0,0,0,0,0,0,0,0,0,0,0,0,0,0,0,0,0,0,0,0,0,0,0,0,0,0,0,0,0,0,0,0,0,0,0,0,0,0,0,0,0,0,0,0,0,0,0,0,0,0,0,0,0,0,0,0,0,0,0,0,0,0,0,0,0,0,0,0,0,0,0,0,0,0,0,0,0,0,0,0,0,0,0,0,0,0,0,0,0,0,0,0,0,0,0,0,0,0,0,0,0,0,0,0,0,0,0,0,0,0,0,0,0,0,0,0,0,0,0,0,0,0,0,0,0,0,0,0,0,0,0,0,0,0,0,0,0,0,0,0,0,0,0,0,0,0,0,0,0,0,0,0,0,0,0,0,0,0,0,0,0,0,0,0,0,0,0,0,0,0,0,0,0,0,0,0,0,0,0,0,0,0,0,0,0,0,0,0,0,0,0,0,0,0,0,0,0,0,0,0,0,0,0,0,0,0,0,0,0,0,0,0,0,0,0,0,0,0,0,0,0,0,0,0,0,0,0,0,0,0,0,0,0,0,0,0,0,0,0,0,0,0,0,0,0,0,0,0,0,0,0,0,0,0,0,0,0,0,0,0,0,0,0,0,0,0,0,0,0,0,0,0,0,0,0,0,0,0,0,0,0,0,0,0,0,0,0,0,0,0,0,0,0,0,0,0,0,0,0,0,0,0,0,0,0,0,0,0,0,0,0,0,0,0,0,0,0,0,0,0,0,0,0,0,0,0,0,0,0,0,0,0,0,0,0,0,0,0,0,0,0,0,0,0,0,0,0,0,0,0,0,0,0,0,0,0,0,0,0,0,0,0,0,0,0,0,0,0,0,0,0,0,0,0,0,0,0,0,0,0,0,0,0,0,0,0,0,0,0,0,0,0,0,0,0,0,0,0,0,0,0,0,0,0,0,0,0,0,0,0,0,0,0,0,0,0,0,0,0,0,0,0,0,0,0,0,0,0,0,0,0,0,0
0,0,0,0,0,0,0,0,0,0,0,0,0,0,0,0,0,0,0,0,0,0,0,0,0,0,0,0,0,0,0,0,0,0,0,0,0,0,0,0,0,0,0,0,0,0,0,0,0,0,0,0,0,0,0,0,0,0,0,0,0,0,0,0,0,0,0,0,0,0,0,0,0,0,0,0,0,0,0,0,0,0,0,0,0,0,0,0,0,0,0,0,0,0,0,0,0,0,0,0,0,0,0,0,0,0,0,0,0,0,0,0,0,0,0,0,0,0,0,0,0,0,0,0,0,0,0,0,0,0,0,0,0,0,0,0,0,0,0,0,0,0,0,0,0,0,0,0,0,0,0,0,0,0,0,0,0,0,0,0,0,0,0,0,0,0,0,0,0,0,0,0,0,0,0,0,0,0,0,0,0,0,0,0,0,0,0,0,0,0,0,0,0,0,0,0,0,0,0,0,0,0,0,0,0,0,0,0,0,0,0,0,0,0,0,0,0,0,0,0,0,0,0,0,0,0,0,0,0,0,0,0,0,0,0,0,0,0,0,0,0,0,0,0,0,0,0,0,0,0,0,0,0,0,0,0,0,0,0,0,0,0,0,0,0,0,0,0,0,0,0,0,0,0,0,0,0,0,0,0,0,0,0,0,0,0,0,0,0,0,0,0,0,0,0,0,0,0,0,0,0,0,0,0,0,0,0,0,0,0,0,0,0,0,0,0,0,0,0,0,0,0,0,0,0,0,0,0,0,0,0,0,0,0,0,0,0,0,0,0,0,0,0,0,0,0,0,0,0,0,0,0,0,0,0,0,0,0,0,0,0,0,0,0,0,0,0,0,0,0,0,0,0,0,0,0,0,0,0,0,0,0,0,0,0,0,0,0,0,0,0,0,0,0,0,0,0,0,0,0,0,0,0,0,0,0,0,0,0,0,0,0,0,0,0,0,0,0,0,0,0,0,0,0,0,0,0,0,0,0,0,0,0,0,0,0,0,0,0,0,0,0,0,0,0,0,0,0,0,0,0,0,0,0,0,0,0,0,0,0,0,0,0,0,0,0,0,0,0,0,0,0,0,0,0,0,0,0,0,0,0,0,0,0,0,0,0,0,0,0,0,0,0,0,0,0,0,0,0,0
0,0,0,0,0,0,0,0,0,0,0,0,0,0,0,0,0,0,0,0,0,0,0,0,0,0,0,0,0,0,0,0,0,0,0,0,0,0,0,0,0,0,0,0,0,0,0,0,0,0,0,0,0,0,0,0,0,0,0,0,0,0,0,0,0,0,0,0,0,0,0,0,0,0,0,0,0,0,0,0,0,0,0,0,0,0,0,0,0,0,0,0,0,0,0,0,0,0,0,0,0,0,0,0,0,0,0,0,0,0,0,0,0,0,0,0,0,0,0,0,0,0,0,0,0,0,0,0,0,0,0,0,0,0,0,0,0,0,0,0,0,0,0,0,0,0,0,0,0,0,0,0,0,0,0,0,0,0,0,0,0,0,0,0,0,0,0,0,0,0,0,0,0,0,0,0,0,0,0,0,0,0,0,0,0,0,0,0,0,0,0,0,0,0,0,0,0,0,0,0,0,0,0,0,0,0,0,0,0,0,0,0,0,0,0,0,0,0,0,0,0,0,0,0,0,0,0,0,0,0,0,0,0,0,0,0,0,0,0,0,0,0,0,0,0,0,0,0,0,0,0,0,0,0,0,0,0,0,0,0,0,0,0,0,0,0,0,0,0,0,0,0,0,0,0,0,0,0,0,0,0,0,0,0,0,0,0,0,0,0,0,0,0,0,0,0,0,0,0,0,0,0,0,0,0,0,0,0,0,0,0,0,0,0,0,0,0,0,0,0,0,0,0,0,0,0,0,0,0,0,0,0,0,0,0,0,0,0,0,0,0,0,0,0,0,0,0,0,0,0,0,0,0,0,0,0,0,0,0,0,0,0,0,0,0,0,0,0,0,0,0,0,0,0,0,0,0,0,0,0,0,0,0,0,0,0,0,0,0,0,0,0,0,0,0,0,0,0,0,0,0,0,0,0,0,0,0,0,0,0,0,0,0,0,0,0,0,0,0,0,0,0,0,0,0,0,0,0,0,0,0,0,0,0,0,0,0,0,0,0,0,0,0,0,0,0,0,0,0,0,0,0,0,0,0,0,0,0,0,0,0,0,0,0,0,0,0,0,0,0,0,0,0,0,0,0,0,0,0,0,0,0,0,0,0,0,0,0,0,0,0,0,0,0,0,0,0,0,0,0
0,0,0,0,0,0,0,0,0,0,0,0,0,0,0,0,0,0,0,0,0,0,0,0,0,0,0,0,0,0,0,0,0,0,0,0,0,0,0,0,0,0,0,0,0,0,0,0,0,0,0,0,0,0,0,0,0,0,0,0,0,0,0,0,0,0,0,0,0,0,0,0,0,0,0,0,0,0,0,0,0,0,0,0,0,0,0,0,0,0,0,0,0,0,0,0,0,0,0,0,0,0,0,0,0,0,0,0,0,0,0,0,0,0,0,0,0,0,0,0,0,0,0,0,0,0,0,0,0,0,0,0,0,0,0,0,0,0,0,0,0,0,0,0,0,0,0,0,0,0,0,0,0,0,0,0,0,0,0,0,0,0,0,0,0,0,0,0,0,0,0,0,0,0,0,0,0,0,0,0,0,0,0,0,0,0,0,0,0,0,0,0,0,0,0,0,0,0,0,0,0,0,0,0,0,0,0,0,0,0,0,0,0,0,0,0,0,0,0,0,0,0,0,0,0,0,0,0,0,0,0,0,0,0,0,0,0,0,0,0,0,0,0,0,0,0,0,0,0,0,0,0,0,0,0,0,0,0,0,0,0,0,0,0,0,0,0,0,0,0,0,0,0,0,0,0,0,0,0,0,0,0,0,0,0,0,0,0,0,0,0,0,0,0,0,0,0,0,0,0,0,0,0,0,0,0,0,0,0,0,0,0,0,0,0,0,0,0,0,0,0,0,0,0,0,0,0,0,0,0,0,0,0,0,0,0,0,0,0,0,0,0,0,0,0,0,0,0,0,0,0,0,0,0,0,0,0,0,0,0,0,0,0,0,0,0,0,0,0,0,0,0,0,0,0,0,0,0,0,0,0,0,0,0,0,0,0,0,0,0,0,0,0,0,0,0,0,0,0,0,0,0,0,0,0,0,0,0,0,0,0,0,0,0,0,0,0,0,0,0,0,0,0,0,0,0,0,0,0,0,0,0,0,0,0,0,0,0,0,0,0,0,0,0,0,0,0,0,0,0,0,0,0,0,0,0,0,0,0,0,0,0,0,0,0,0,0,0,0,0,0,0,0,0,0,0,0,0,0,0,0,0,0,0,0,0,0,0,0,0,0,0,0,0,0,0,0,0,0,0
0,0,0,0,0,0,0,0,0,0,0,0,0,0,0,0,0,0,0,0,0,0,0,0,0,0,0,0,0,0,0,0,0,0,0,0,0,0,0,0,0,0,0,0,0,0,0,0,0,0,0,0,0,0,0,0,0,0,0,0,0,0,0,0,0,0,0,0,0,0,0,0,0,0,0,0,0,0,0,0,0,0,0,0,0,0,0,0,0,0,0,0,0,0,0,0,0,0,0,0,0,0,0,0,0,0,0,0,0,0,0,0,0,0,0,0,0,0,0,0,0,0,0,0,0,0,0,0,0,0,0,0,0,0,0,0,0,0,0,0,0,0,0,0,0,0,0,0,0,0,0,0,0,0,0,0,0,0,0,0,0,0,0,0,0,0,0,0,0,0,0,0,0,0,0,0,0,0,0,0,0,0,0,0,0,0,0,0,0,0,0,0,0,0,0,0,0,0,0,0,0,0,0,0,0,0,0,0,0,0,0,0,0,0,0,0,0,0,0,0,0,0,0,0,0,0,0,0,0,0,0,0,0,0,0,0,0,0,0,0,0,0,0,0,0,0,0,0,0,0,0,0,0,0,0,0,0,0,0,0,0,0,0,0,0,0,0,0,0,0,0,0,0,0,0,0,0,0,0,0,0,0,0,0,0,0,0,0,0,0,0,0,0,0,0,0,0,0,0,0,0,0,0,0,0,0,0,0,0,0,0,0,0,0,0,0,0,0,0,0,0,0,0,0,0,0,0,0,0,0,0,0,0,0,0,0,0,0,0,0,0,0,0,0,0,0,0,0,0,0,0,0,0,0,0,0,0,0,0,0,0,0,0,0,0,0,0,0,0,0,0,0,0,0,0,0,0,0,0,0,0,0,0,0,0,0,0,0,0,0,0,0,0,0,0,0,0,0,0,0,0,0,0,0,0,0,0,0,0,0,0,0,0,0,0,0,0,0,0,0,0,0,0,0,0,0,0,0,0,0,0,0,0,0,0,0,0,0,0,0,0,0,0,0,0,0,0,0,0,0,0,0,0,0,0,0,0,0,0,0,0,0,0,0,0,0,0,0,0,0,0,0,0,0,0,0,0,0,0,0,0,0,0,0,0,0,0,0,0,0,0,0,0,0,0,0,0,0,0,0
0,0,0,0,0,0,0,0,0,0,0,0,0,0,0,0,0,0,0,0,0,0,0,0,0,0,0,0,0,0,0,0,0,0,0,0,0,0,0,0,0,0,0,0,0,0,0,0,0,0,0,0,0,0,0,0,0,0,0,0,0,0,0,0,0,0,0,0,0,0,0,0,0,0,0,0,0,0,0,0,0,0,0,0,0,0,0,0,0,0,0,0,0,0,0,0,0,0,0,0,0,0,0,0,0,0,0,0,0,0,0,0,0,0,0,0,0,0,0,0,0,0,0,0,0,0,0,0,0,0,0,0,0,0,0,0,0,0,0,0,0,0,0,0,0,0,0,0,0,0,0,0,0,0,0,0,0,0,0,0,0,0,0,0,0,0,0,0,0,0,0,0,0,0,0,0,0,0,0,0,0,0,0,0,0,0,0,0,0,0,0,0,0,0,0,0,0,0,0,0,0,0,0,0,0,0,0,0,0,0,0,0,0,0,0,0,0,0,0,0,0,0,0,0,0,0,0,0,0,0,0,0,0,0,0,0,0,0,0,0,0,0,0,0,0,0,0,0,0,0,0,0,0,0,0,0,0,0,0,0,0,0,0,0,0,0,0,0,0,0,0,0,0,0,0,0,0,0,0,0,0,0,0,0,0,0,0,0,0,0,0,0,0,0,0,0,0,0,0,0,0,0,0,0,0,0,0,0,0,0,0,0,0,0,0,0,0,0,0,0,0,0,0,0,0,0,0,0,0,0,0,0,0,0,0,0,0,0,0,0,0,0,0,0,0,0,0,0,0,0,0,0,0,0,0,0,0,0,0,0,0,0,0,0,0,0,0,0,0,0,0,0,0,0,0,0,0,0,0,0,0,0,0,0,0,0,0,0,0,0,0,0,0,0,0,0,0,0,0,0,0,0,0,0,0,0,0,0,0,0,0,0,0,0,0,0,0,0,0,0,0,0,0,0,0,0,0,0,0,0,0,0,0,0,0,0,0,0,0,0,0,0,0,0,0,0,0,0,0,0,0,0,0,0,0,0,0,0,0,0,0,0,0,0,0,0,0,0,0,0,0,0,0,0,0,0,0,0,0,0,0,0,0,0,0,0,0,0,0,0,0,0,0,0,0,0,0,0,0,0
0,0,0,0,0,0,0,0,0,0,0,0,0,0,0,0,0,0,0,0,0,0,0,0,0,0,0,0,0,0,0,0,0,0,0,0,0,0,0,0,0,0,0,0,0,0,0,0,0,0,0,0,0,0,0,0,0,0,0,0,0,0,0,0,0,0,0,0,0,0,0,0,0,0,0,0,0,0,0,0,0,0,0,0,0,0,0,0,0,0,0,0,0,0,0,0,0,0,0,0,0,0,0,0,0,0,0,0,0,0,0,0,0,0,0,0,0,0,0,0,0,0,0,0,0,0,0,0,0,0,0,0,0,0,0,0,0,0,0,0,0,0,0,0,0,0,0,0,0,0,0,0,0,0,0,0,0,0,0,0,0,0,0,0,0,0,0,0,0,0,0,0,0,0,0,0,0,0,0,0,0,0,0,0,0,0,0,0,0,0,0,0,0,0,0,0,0,0,0,0,0,0,0,0,0,0,0,0,0,0,0,0,0,0,0,0,0,0,0,0,0,0,0,0,0,0,0,0,0,0,0,0,0,0,0,0,0,0,0,0,0,0,0,0,0,0,0,0,0,0,0,0,0,0,0,0,0,0,0,0,0,0,0,0,0,0,0,0,0,0,0,0,0,0,0,0,0,0,0,0,0,0,0,0,0,0,0,0,0,0,0,0,0,0,0,0,0,0,0,0,0,0,0,0,0,0,0,0,0,0,0,0,0,0,0,0,0,0,0,0,0,0,0,0,0,0,0,0,0,0,0,0,0,0,0,0,0,0,0,0,0,0,0,0,0,0,0,0,0,0,0,0,0,0,0,0,0,0,0,0,0,0,0,0,0,0,0,0,0,0,0,0,0,0,0,0,0,0,0,0,0,0,0,0,0,0,0,0,0,0,0,0,0,0,0,0,0,0,0,0,0,0,0,0,0,0,0,0,0,0,0,0,0,0,0,0,0,0,0,0,0,0,0,0,0,0,0,0,0,0,0,0,0,0,0,0,0,0,0,0,0,0,0,0,0,0,0,0,0,0,0,0,0,0,0,0,0,0,0,0,0,0,0,0,0,0,0,0,0,0,0,0,0,0,0,0,0,0,0,0,0,0,0,0,0,0,0,0,0,0,0,0,0,0,0,0,0,0,0,0
0,0,0,0,0,0,0,0,0,0,0,0,0,0,0,0,0,0,0,0,0,0,0,0,0,0,0,0,0,0,0,0,0,0,0,0,0,0,0,0,0,0,0,0,0,0,0,0,0,0,0,0,0,0,0,0,0,0,0,0,0,0,0,0,0,0,0,0,0,0,0,0,0,0,0,0,0,0,0,0,0,0,0,0,0,0,0,0,0,0,0,0,0,0,0,0,0,0,0,0,0,0,0,0,0,0,0,0,0,0,0,0,0,0,0,0,0,0,0,0,0,0,0,0,0,0,0,0,0,0,0,0,0,0,0,0,0,0,0,0,0,0,0,0,0,0,0,0,0,0,0,0,0,0,0,0,0,0,0,0,0,0,0,0,0,0,0,0,0,0,0,0,0,0,0,0,0,0,0,0,0,0,0,0,0,0,0,0,0,0,0,0,0,0,0,0,0,0,0,0,0,0,0,0,0,0,0,0,0,0,0,0,0,0,0,0,0,0,0,0,0,0,0,0,0,0,0,0,0,0,0,0,0,0,0,0,0,0,0,0,0,0,0,0,0,0,0,0,0,0,0,0,0,0,0,0,0,0,0,0,0,0,0,0,0,0,0,0,0,0,0,0,0,0,0,0,0,0,0,0,0,0,0,0,0,0,0,0,0,0,0,0,0,0,0,0,0,0,0,0,0,0,0,0,0,0,0,0,0,0,0,0,0,0,0,0,0,0,0,0,0,0,0,0,0,0,0,0,0,0,0,0,0,0,0,0,0,0,0,0,0,0,0,0,0,0,0,0,0,0,0,0,0,0,0,0,0,0,0,0,0,0,0,0,0,0,0,0,0,0,0,0,0,0,0,0,0,0,0,0,0,0,0,0,0,0,0,0,0,0,0,0,0,0,0,0,0,0,0,0,0,0,0,0,0,0,0,0,0,0,0,0,0,0,0,0,0,0,0,0,0,0,0,0,0,0,0,0,0,0,0,0,0,0,0,0,0,0,0,0,0,0,0,0,0,0,0,0,0,0,0,0,0,0,0,0,0,0,0,0,0,0,0,0,0,0,0,0,0,0,0,0,0,0,0,0,0,0,0,0,0,0,0,0,0,0,0,0,0,0,0,0,0,0,0,0,0,0,0,0
0,0,0,0,0,0,0,0,0,0,0,0,0,0,0,0,0,0,0,0,0,0,0,0,0,0,0,0,0,0,0,0,0,0,0,0,0,0,0,0,0,0,0,0,0,0,0,0,0,0,0,0,0,0,0,0,0,0,0,0,0,0,0,0,0,0,0,0,0,0,0,0,0,0,0,0,0,0,0,0,0,0,0,0,0,0,0,0,0,0,0,0,0,0,0,0,0,0,0,0,0,0,0,0,0,0,0,0,0,0,0,0,0,0,0,0,0,0,0,0,0,0,0,0,0,0,0,0,0,0,0,0,0,0,0,0,0,0,0,0,0,0,0,0,0,0,0,0,0,0,0,0,0,0,0,0,0,0,0,0,0,0,0,0,0,0,0,0,0,0,0,0,0,0,0,0,0,0,0,0,0,0,0,0,0,0,0,0,0,0,0,0,0,0,0,0,0,0,0,0,0,0,0,0,0,0,0,0,0,0,0,0,0,0,0,0,0,0,0,0,0,0,0,0,0,0,0,0,0,0,0,0,0,0,0,0,0,0,0,0,0,0,0,0,0,0,0,0,0,0,0,0,0,0,0,0,0,0,0,0,0,0,0,0,0,0,0,0,0,0,0,0,0,0,0,0,0,0,0,0,0,0,0,0,0,0,0,0,0,0,0,0,0,0,0,0,0,0,0,0,0,0,0,0,0,0,0,0,0,0,0,0,0,0,0,0,0,0,0,0,0,0,0,0,0,0,0,0,0,0,0,0,0,0,0,0,0,0,0,0,0,0,0,0,0,0,0,0,0,0,0,0,0,0,0,0,0,0,0,0,0,0,0,0,0,0,0,0,0,0,0,0,0,0,0,0,0,0,0,0,0,0,0,0,0,0,0,0,0,0,0,0,0,0,0,0,0,0,0,0,0,0,0,0,0,0,0,0,0,0,0,0,0,0,0,0,0,0,0,0,0,0,0,0,0,0,0,0,0,0,0,0,0,0,0,0,0,0,0,0,0,0,0,0,0,0,0,0,0,0,0,0,0,0,0,0,0,0,0,0,0,0,0,0,0,0,0,0,0,0,0,0,0,0,0,0,0,0,0,0,0,0,0,0,0,0,0,0,0,0,0,0,0,0,0,0,0,0,0,0
0,0,0,0,0,0,0,0,0,0,0,0,0,0,0,0,0,0,0,0,0,0,0,0,0,0,0,0,0,0,0,0,0,0,0,0,0,0,0,0,0,0,0,0,0,0,0,0,0,0,0,0,0,0,0,0,0,0,0,0,0,0,0,0,0,0,0,0,0,0,0,0,0,0,0,0,0,0,0,0,0,0,0,0,0,0,0,0,0,0,0,0,0,0,0,0,0,0,0,0,0,0,0,0,0,0,0,0,0,0,0,0,0,0,0,0,0,0,0,0,0,0,0,0,0,0,0,0,0,0,0,0,0,0,0,0,0,0,0,0,0,0,0,0,0,0,0,0,0,0,0,0,0,0,0,0,0,0,0,0,0,0,0,0,0,0,0,0,0,0,0,0,0,0,0,0,0,0,0,0,0,0,0,0,0,0,0,0,0,0,0,0,0,0,0,0,0,0,0,0,0,0,0,0,0,0,0,0,0,0,0,0,0,0,0,0,0,0,0,0,0,0,0,0,0,0,0,0,0,0,0,0,0,0,0,0,0,0,0,0,0,0,0,0,0,0,0,0,0,0,0,0,0,0,0,0,0,0,0,0,0,0,0,0,0,0,0,0,0,0,0,0,0,0,0,0,0,0,0,0,0,0,0,0,0,0,0,0,0,0,0,0,0,0,0,0,0,0,0,0,0,0,0,0,0,0,0,0,0,0,0,0,0,0,0,0,0,0,0,0,0,0,0,0,0,0,0,0,0,0,0,0,0,0,0,0,0,0,0,0,0,0,0,0,0,0,0,0,0,0,0,0,0,0,0,0,0,0,0,0,0,0,0,0,0,0,0,0,0,0,0,0,0,0,0,0,0,0,0,0,0,0,0,0,0,0,0,0,0,0,0,0,0,0,0,0,0,0,0,0,0,0,0,0,0,0,0,0,0,0,0,0,0,0,0,0,0,0,0,0,0,0,0,0,0,0,0,0,0,0,0,0,0,0,0,0,0,0,0,0,0,0,0,0,0,0,0,0,0,0,0,0,0,0,0,0,0,0,0,0,0,0,0,0,0,0,0,0,0,0,0,0,0,0,0,0,0,0,0,0,0,0,0,0,0,0,0,0,0,0,0,0,0,0,0,0,0,0,0,0
0,0,0,0,0,0,0,0,0,0,0,0,0,0,0,0,0,0,0,0,0,0,0,0,0,0,0,0,0,0,0,0,0,0,0,0,0,0,0,0,0,0,0,0,0,0,0,0,0,0,0,0,0,0,0,0,0,0,0,0,0,0,0,0,0,0,0,0,0,0,0,0,0,0,0,0,0,0,0,0,0,0,0,0,0,0,0,0,0,0,0,0,0,0,0,0,0,0,0,0,0,0,0,0,0,0,0,0,0,0,0,0,0,0,0,0,0,0,0,0,0,0,0,0,0,0,0,0,0,0,0,0,0,0,0,0,0,0,0,0,0,0,0,0,0,0,0,0,0,0,0,0,0,0,0,0,0,0,0,0,0,0,0,0,0,0,0,0,0,0,0,0,0,0,0,0,0,0,0,0,0,0,0,0,0,0,0,0,0,0,0,0,0,0,0,0,0,0,0,0,0,0,0,0,0,0,0,0,0,0,0,0,0,0,0,0,0,0,0,0,0,0,0,0,0,0,0,0,0,0,0,0,0,0,0,0,0,0,0,0,0,0,0,0,0,0,0,0,0,0,0,0,0,0,0,0,0,0,0,0,0,0,0,0,0,0,0,0,0,0,0,0,0,0,0,0,0,0,0,0,0,0,0,0,0,0,0,0,0,0,0,0,0,0,0,0,0,0,0,0,0,0,0,0,0,0,0,0,0,0,0,0,0,0,0,0,0,0,0,0,0,0,0,0,0,0,0,0,0,0,0,0,0,0,0,0,0,0,0,0,0,0,0,0,0,0,0,0,0,0,0,0,0,0,0,0,0,0,0,0,0,0,0,0,0,0,0,0,0,0,0,0,0,0,0,0,0,0,0,0,0,0,0,0,0,0,0,0,0,0,0,0,0,0,0,0,0,0,0,0,0,0,0,0,0,0,0,0,0,0,0,0,0,0,0,0,0,0,0,0,0,0,0,0,0,0,0,0,0,0,0,0,0,0,0,0,0,0,0,0,0,0,0,0,0,0,0,0,0,0,0,0,0,0,0,0,0,0,0,0,0,0,0,0,0,0,0,0,0,0,0,0,0,0,0,0,0,0,0,0,0,0,0,0,0,0,0,0,0,0,0,0,0,0,0,0,0,0,0,0
0,0,0,0,0,0,0,0,0,0,0,0,0,0,0,0,0,0,0,0,0,0,0,0,0,0,0,0,0,0,0,0,0,0,0,0,0,0,0,0,0,0,0,0,0,0,0,0,0,0,0,0,0,0,0,0,0,0,0,0,0,0,0,0,0,0,0,0,0,0,0,0,0,0,0,0,0,0,0,0,0,0,0,0,0,0,0,0,0,0,0,0,0,0,0,0,0,0,0,0,0,0,0,0,0,0,0,0,0,0,0,0,0,0,0,0,0,0,0,0,0,0,0,0,0,0,0,0,0,0,0,0,0,0,0,0,0,0,0,0,0,0,0,0,0,0,0,0,0,0,0,0,0,0,0,0,0,0,0,0,0,0,0,0,0,0,0,0,0,0,0,0,0,0,0,0,0,0,0,0,0,0,0,0,0,0,0,0,0,0,0,0,0,0,0,0,0,0,0,0,0,0,0,0,0,0,0,0,0,0,0,0,0,0,0,0,0,0,0,0,0,0,0,0,0,0,0,0,0,0,0,0,0,0,0,0,0,0,0,0,0,0,0,0,0,0,0,0,0,0,0,0,0,0,0,0,0,0,0,0,0,0,0,0,0,0,0,0,0,0,0,0,0,0,0,0,0,0,0,0,0,0,0,0,0,0,0,0,0,0,0,0,0,0,0,0,0,0,0,0,0,0,0,0,0,0,0,0,0,0,0,0,0,0,0,0,0,0,0,0,0,0,0,0,0,0,0,0,0,0,0,0,0,0,0,0,0,0,0,0,0,0,0,0,0,0,0,0,0,0,0,0,0,0,0,0,0,0,0,0,0,0,0,0,0,0,0,0,0,0,0,0,0,0,0,0,0,0,0,0,0,0,0,0,0,0,0,0,0,0,0,0,0,0,0,0,0,0,0,0,0,0,0,0,0,0,0,0,0,0,0,0,0,0,0,0,0,0,0,0,0,0,0,0,0,0,0,0,0,0,0,0,0,0,0,0,0,0,0,0,0,0,0,0,0,0,0,0,0,0,0,0,0,0,0,0,0,0,0,0,0,0,0,0,0,0,0,0,0,0,0,0,0,0,0,0,0,0,0,0,0,0,0,0,0,0,0,0,0,0,0,0,0,0,0,0,0,0,0,0
0,0,0,0,0,0,0,0,0,0,0,0,0,0,0,0,0,0,0,0,0,0,0,0,0,0,0,0,0,0,0,0,0,0,0,0,0,0,0,0,0,0,0,0,0,0,0,0,0,0,0,0,0,0,0,0,0,0,0,0,0,0,0,0,0,0,0,0,0,0,0,0,0,0,0,0,0,0,0,0,0,0,0,0,0,0,0,0,0,0,0,0,0,0,0,0,0,0,0,0,0,0,0,0,0,0,0,0,0,0,0,0,0,0,0,0,0,0,0,0,0,0,0,0,0,0,0,0,0,0,0,0,0,0,0,0,0,0,0,0,0,0,0,0,0,0,0,0,0,0,0,0,0,0,0,0,0,0,0,0,0,0,0,0,0,0,0,0,0,0,0,0,0,0,0,0,0,0,0,0,0,0,0,0,0,0,0,0,0,0,0,0,0,0,0,0,0,0,0,0,0,0,0,0,0,0,0,0,0,0,0,0,0,0,0,0,0,0,0,0,0,0,0,0,0,0,0,0,0,0,0,0,0,0,0,0,0,0,0,0,0,0,0,0,0,0,0,0,0,0,0,0,0,0,0,0,0,0,0,0,0,0,0,0,0,0,0,0,0,0,0,0,0,0,0,0,0,0,0,0,0,0,0,0,0,0,0,0,0,0,0,0,0,0,0,0,0,0,0,0,0,0,0,0,0,0,0,0,0,0,0,0,0,0,0,0,0,0,0,0,0,0,0,0,0,0,0,0,0,0,0,0,0,0,0,0,0,0,0,0,0,0,0,0,0,0,0,0,0,0,0,0,0,0,0,0,0,0,0,0,0,0,0,0,0,0,0,0,0,0,0,0,0,0,0,0,0,0,0,0,0,0,0,0,0,0,0,0,0,0,0,0,0,0,0,0,0,0,0,0,0,0,0,0,0,0,0,0,0,0,0,0,0,0,0,0,0,0,0,0,0,0,0,0,0,0,0,0,0,0,0,0,0,0,0,0,0,0,0,0,0,0,0,0,0,0,0,0,0,0,0,0,0,0,0,0,0,0,0,0,0,0,0,0,0,0,0,0,0,0,0,0,0,0,0,0,0,0,0,0,0,0,0,0,0,0,0,0,0,0,0,0,0,0,0,0,0,0,0,0
0,0,0,0,0,0,0,0,0,0,0,0,0,0,0,0,0,0,0,0,0,0,0,0,0,0,0,0,0,0,0,0,0,0,0,0,0,0,0,0,0,0,0,0,0,0,0,0,0,0,0,0,0,0,0,0,0,0,0,0,0,0,0,0,0,0,0,0,0,0,0,0,0,0,0,0,0,0,0,0,0,0,0,0,0,0,0,0,0,0,0,0,0,0,0,0,0,0,0,0,0,0,0,0,0,0,0,0,0,0,0,0,0,0,0,0,0,0,0,0,0,0,0,0,0,0,0,0,0,0,0,0,0,0,0,0,0,0,0,0,0,0,0,0,0,0,0,0,0,0,0,0,0,0,0,0,0,0,0,0,0,0,0,0,0,0,0,0,0,0,0,0,0,0,0,0,0,0,0,0,0,0,0,0,0,0,0,0,0,0,0,0,0,0,0,0,0,0,0,0,0,0,0,0,0,0,0,0,0,0,0,0,0,0,0,0,0,0,0,0,0,0,0,0,0,0,0,0,0,0,0,0,0,0,0,0,0,0,0,0,0,0,0,0,0,0,0,0,0,0,0,0,0,0,0,0,0,0,0,0,0,0,0,0,0,0,0,0,0,0,0,0,0,0,0,0,0,0,0,0,0,0,0,0,0,0,0,0,0,0,0,0,0,0,0,0,0,0,0,0,0,0,0,0,0,0,0,0,0,0,0,0,0,0,0,0,0,0,0,0,0,0,0,0,0,0,0,0,0,0,0,0,0,0,0,0,0,0,0,0,0,0,0,0,0,0,0,0,0,0,0,0,0,0,0,0,0,0,0,0,0,0,0,0,0,0,0,0,0,0,0,0,0,0,0,0,0,0,0,0,0,0,0,0,0,0,0,0,0,0,0,0,0,0,0,0,0,0,0,0,0,0,0,0,0,0,0,0,0,0,0,0,0,0,0,0,0,0,0,0,0,0,0,0,0,0,0,0,0,0,0,0,0,0,0,0,0,0,0,0,0,0,0,0,0,0,0,0,0,0,0,0,0,0,0,0,0,0,0,0,0,0,0,0,0,0,0,0,0,0,0,0,0,0,0,0,0,0,0,0,0,0,0,0,0,0,0,0,0,0,0,0,0,0,0,0,0,0,0,0
0,0,0,0,0,0,0,0,0,0,0,0,0,0,0,0,0,0,0,0,0,0,0,0,0,0,0,0,0,0,0,0,0,0,0,0,0,0,0,0,0,0,0,0,0,0,0,0,0,0,0,0,0,0,0,0,0,0,0,0,0,0,0,0,0,0,0,0,0,0,0,0,0,0,0,0,0,0,0,0,0,0,0,0,0,0,0,0,0,0,0,0,0,0,0,0,0,0,0,0,0,0,0,0,0,0,0,0,0,0,0,0,0,0,0,0,0,0,0,0,0,0,0,0,0,0,0,0,0,0,0,0,0,0,0,0,0,0,0,0,0,0,0,0,0,0,0,0,0,0,0,0,0,0,0,0,0,0,0,0,0,0,0,0,0,0,0,0,0,0,0,0,0,0,0,0,0,0,0,0,0,0,0,0,0,0,0,0,0,0,0,0,0,0,0,0,0,0,0,0,0,0,0,0,0,0,0,0,0,0,0,0,0,0,0,0,0,0,0,0,0,0,0,0,0,0,0,0,0,0,0,0,0,0,0,0,0,0,0,0,0,0,0,0,0,0,0,0,0,0,0,0,0,0,0,0,0,0,0,0,0,0,0,0,0,0,0,0,0,0,0,0,0,0,0,0,0,0,0,0,0,0,0,0,0,0,0,0,0,0,0,0,0,0,0,0,0,0,0,0,0,0,0,0,0,0,0,0,0,0,0,0,0,0,0,0,0,0,0,0,0,0,0,0,0,0,0,0,0,0,0,0,0,0,0,0,0,0,0,0,0,0,0,0,0,0,0,0,0,0,0,0,0,0,0,0,0,0,0,0,0,0,0,0,0,0,0,0,0,0,0,0,0,0,0,0,0,0,0,0,0,0,0,0,0,0,0,0,0,0,0,0,0,0,0,0,0,0,0,0,0,0,0,0,0,0,0,0,0,0,0,0,0,0,0,0,0,0,0,0,0,0,0,0,0,0,0,0,0,0,0,0,0,0,0,0,0,0,0,0,0,0,0,0,0,0,0,0,0,0,0,0,0,0,0,0,0,0,0,0,0,0,0,0,0,0,0,0,0,0,0,0,0,0,0,0,0,0,0,0,0,0,0,0,0,0,0,0,0,0,0,0,0,0,0,0,0,0,0,0
0,0,0,0,0,0,0,0,0,0,0,0,0,0,0,0,0,0,0,0,0,0,0,0,0,0,0,0,0,0,0,0,0,0,0,0,0,0,0,0,0,0,0,0,0,0,0,0,0,0,0,0,0,0,0,0,0,0,0,0,0,0,0,0,0,0,0,0,0,0,0,0,0,0,0,0,0,0,0,0,0,0,0,0,0,0,0,0,0,0,0,0,0,0,0,0,0,0,0,0,0,0,0,0,0,0,0,0,0,0,0,0,0,0,0,0,0,0,0,0,0,0,0,0,0,0,0,0,0,0,0,0,0,0,0,0,0,0,0,0,0,0,0,0,0,0,0,0,0,0,0,0,0,0,0,0,0,0,0,0,0,0,0,0,0,0,0,0,0,0,0,0,0,0,0,0,0,0,0,0,0,0,0,0,0,0,0,0,0,0,0,0,0,0,0,0,0,0,0,0,0,0,0,0,0,0,0,0,0,0,0,0,0,0,0,0,0,0,0,0,0,0,0,0,0,0,0,0,0,0,0,0,0,0,0,0,0,0,0,0,0,0,0,0,0,0,0,0,0,0,0,0,0,0,0,0,0,0,0,0,0,0,0,0,0,0,0,0,0,0,0,0,0,0,0,0,0,0,0,0,0,0,0,0,0,0,0,0,0,0,0,0,0,0,0,0,0,0,0,0,0,0,0,0,0,0,0,0,0,0,0,0,0,0,0,0,0,0,0,0,0,0,0,0,0,0,0,0,0,0,0,0,0,0,0,0,0,0,0,0,0,0,0,0,0,0,0,0,0,0,0,0,0,0,0,0,0,0,0,0,0,0,0,0,0,0,0,0,0,0,0,0,0,0,0,0,0,0,0,0,0,0,0,0,0,0,0,0,0,0,0,0,0,0,0,0,0,0,0,0,0,0,0,0,0,0,0,0,0,0,0,0,0,0,0,0,0,0,0,0,0,0,0,0,0,0,0,0,0,0,0,0,0,0,0,0,0,0,0,0,0,0,0,0,0,0,0,0,0,0,0,0,0,0,0,0,0,0,0,0,0,0,0,0,0,0,0,0,0,0,0,0,0,0,0,0,0,0,0,0,0,0,0,0,0,0,0,0,0,0,0,0,0,0,0,0,0,0,0,0
0,0,0,0,0,0,0,0,0,0,0,0,0,0,0,0,0,0,0,0,0,0,0,0,0,0,0,0,0,0,0,0,0,0,0,0,0,0,0,0,0,0,0,0,0,0,0,0,0,0,0,0,0,0,0,0,0,0,0,0,0,0,0,0,0,0,0,0,0,0,0,0,0,0,0,0,0,0,0,0,0,0,0,0,0,0,0,0,0,0,0,0,0,0,0,0,0,0,0,0,0,0,0,0,0,0,0,0,0,0,0,0,0,0,0,0,0,0,0,0,0,0,0,0,0,0,0,0,0,0,0,0,0,0,0,0,0,0,0,0,0,0,0,0,0,0,0,0,0,0,0,0,0,0,0,0,0,0,0,0,0,0,0,0,0,0,0,0,0,0,0,0,0,0,0,0,0,0,0,0,0,0,0,0,0,0,0,0,0,0,0,0,0,0,0,0,0,0,0,0,0,0,0,0,0,0,0,0,0,0,0,0,0,0,0,0,0,0,0,0,0,0,0,0,0,0,0,0,0,0,0,0,0,0,0,0,0,0,0,0,0,0,0,0,0,0,0,0,0,0,0,0,0,0,0,0,0,0,0,0,0,0,0,0,0,0,0,0,0,0,0,0,0,0,0,0,0,0,0,0,0,0,0,0,0,0,0,0,0,0,0,0,0,0,0,0,0,0,0,0,0,0,0,0,0,0,0,0,0,0,0,0,0,0,0,0,0,0,0,0,0,0,0,0,0,0,0,0,0,0,0,0,0,0,0,0,0,0,0,0,0,0,0,0,0,0,0,0,0,0,0,0,0,0,0,0,0,0,0,0,0,0,0,0,0,0,0,0,0,0,0,0,0,0,0,0,0,0,0,0,0,0,0,0,0,0,0,0,0,0,0,0,0,0,0,0,0,0,0,0,0,0,0,0,0,0,0,0,0,0,0,0,0,0,0,0,0,0,0,0,0,0,0,0,0,0,0,0,0,0,0,0,0,0,0,0,0,0,0,0,0,0,0,0,0,0,0,0,0,0,0,0,0,0,0,0,0,0,0,0,0,0,0,0,0,0,0,0,0,0,0,0,0,0,0,0,0,0,0,0,0,0,0,0,0,0,0,0,0,0,0,0,0,0,0,0,0,0,0,0
0,0,0,0,0,0,0,0,0,0,0,0,0,0,0,0,0,0,0,0,0,0,0,0,0,0,0,0,0,0,0,0,0,0,0,0,0,0,0,0,0,0,0,0,0,0,0,0,0,0,0,0,0,0,0,0,0,0,0,0,0,0,0,0,0,0,0,0,0,0,0,0,0,0,0,0,0,0,0,0,0,0,0,0,0,0,0,0,0,0,0,0,0,0,0,0,0,0,0,0,0,0,0,0,0,0,0,0,0,0,0,0,0,0,0,0,0,0,0,0,0,0,0,0,0,0,0,0,0,0,0,0,0,0,0,0,0,0,0,0,0,0,0,0,0,0,0,0,0,0,0,0,0,0,0,0,0,0,0,0,0,0,0,0,0,0,0,0,0,0,0,0,0,0,0,0,0,0,0,0,0,0,0,0,0,0,0,0,0,0,0,0,0,0,0,0,0,0,0,0,0,0,0,0,0,0,0,0,0,0,0,0,0,0,0,0,0,0,0,0,0,0,0,0,0,0,0,0,0,0,0,0,0,0,0,0,0,0,0,0,0,0,0,0,0,0,0,0,0,0,0,0,0,0,0,0,0,0,0,0,0,0,0,0,0,0,0,0,0,0,0,0,0,0,0,0,0,0,0,0,0,0,0,0,0,0,0,0,0,0,0,0,0,0,0,0,0,0,0,0,0,0,0,0,0,0,0,0,0,0,0,0,0,0,0,0,0,0,0,0,0,0,0,0,0,0,0,0,0,0,0,0,0,0,0,0,0,0,0,0,0,0,0,0,0,0,0,0,0,0,0,0,0,0,0,0,0,0,0,0,0,0,0,0,0,0,0,0,0,0,0,0,0,0,0,0,0,0,0,0,0,0,0,0,0,0,0,0,0,0,0,0,0,0,0,0,0,0,0,0,0,0,0,0,0,0,0,0,0,0,0,0,0,0,0,0,0,0,0,0,0,0,0,0,0,0,0,0,0,0,0,0,0,0,0,0,0,0,0,0,0,0,0,0,0,0,0,0,0,0,0,0,0,0,0,0,0,0,0,0,0,0,0,0,0,0,0,0,0,0,0,0,0,0,0,0,0,0,0,0,0,0,0,0,0,0,0,0,0,0,0,0,0,0,0,0,0,0,0,0
0,0,0,0,0,0,0,0,0,0,0,0,0,0,0,0,0,0,0,0,0,0,0,0,0,0,0,0,0,0,0,0,0,0,0,0,0,0,0,0,0,0,0,0,0,0,0,0,0,0,0,0,0,0,0,0,0,0,0,0,0,0,0,0,0,0,0,0,0,0,0,0,0,0,0,0,0,0,0,0,0,0,0,0,0,0,0,0,0,0,0,0,0,0,0,0,0,0,0,0,0,0,0,0,0,0,0,0,0,0,0,0,0,0,0,0,0,0,0,0,0,0,0,0,0,0,0,0,0,0,0,0,0,0,0,0,0,0,0,0,0,0,0,0,0,0,0,0,0,0,0,0,0,0,0,0,0,0,0,0,0,0,0,0,0,0,0,0,0,0,0,0,0,0,0,0,0,0,0,0,0,0,0,0,0,0,0,0,0,0,0,0,0,0,0,0,0,0,0,0,0,0,0,0,0,0,0,0,0,0,0,0,0,0,0,0,0,0,0,0,0,0,0,0,0,0,0,0,0,0,0,0,0,0,0,0,0,0,0,0,0,0,0,0,0,0,0,0,0,0,0,0,0,0,0,0,0,0,0,0,0,0,0,0,0,0,0,0,0,0,0,0,0,0,0,0,0,0,0,0,0,0,0,0,0,0,0,0,0,0,0,0,0,0,0,0,0,0,0,0,0,0,0,0,0,0,0,0,0,0,0,0,0,0,0,0,0,0,0,0,0,0,0,0,0,0,0,0,0,0,0,0,0,0,0,0,0,0,0,0,0,0,0,0,0,0,0,0,0,0,0,0,0,0,0,0,0,0,0,0,0,0,0,0,0,0,0,0,0,0,0,0,0,0,0,0,0,0,0,0,0,0,0,0,0,0,0,0,0,0,0,0,0,0,0,0,0,0,0,0,0,0,0,0,0,0,0,0,0,0,0,0,0,0,0,0,0,0,0,0,0,0,0,0,0,0,0,0,0,0,0,0,0,0,0,0,0,0,0,0,0,0,0,0,0,0,0,0,0,0,0,0,0,0,0,0,0,0,0,0,0,0,0,0,0,0,0,0,0,0,0,0,0,0,0,0,0,0,0,0,0,0,0,0,0,0,0,0,0,0,0,0,0,0,0,0,0,0,0,0
0,0,0,0,0,0,0,0,0,0,0,0,0,0,0,0,0,0,0,0,0,0,0,0,0,0,0,0,0,0,0,0,0,0,0,0,0,0,0,0,0,0,0,0,0,0,0,0,0,0,0,0,0,0,0,0,0,0,0,0,0,0,0,0,0,0,0,0,0,0,0,0,0,0,0,0,0,0,0,0,0,0,0,0,0,0,0,0,0,0,0,0,0,0,0,0,0,0,0,0,0,0,0,0,0,0,0,0,0,0,0,0,0,0,0,0,0,0,0,0,0,0,0,0,0,0,0,0,0,0,0,0,0,0,0,0,0,0,0,0,0,0,0,0,0,0,0,0,0,0,0,0,0,0,0,0,0,0,0,0,0,0,0,0,0,0,0,0,0,0,0,0,0,0,0,0,0,0,0,0,0,0,0,0,0,0,0,0,0,0,0,0,0,0,0,0,0,0,0,0,0,0,0,0,0,0,0,0,0,0,0,0,0,0,0,0,0,0,0,0,0,0,0,0,0,0,0,0,0,0,0,0,0,0,0,0,0,0,0,0,0,0,0,0,0,0,0,0,0,0,0,0,0,0,0,0,0,0,0,0,0,0,0,0,0,0,0,0,0,0,0,0,0,0,0,0,0,0,0,0,0,0,0,0,0,0,0,0,0,0,0,0,0,0,0,0,0,0,0,0,0,0,0,0,0,0,0,0,0,0,0,0,0,0,0,0,0,0,0,0,0,0,0,0,0,0,0,0,0,0,0,0,0,0,0,0,0,0,0,0,0,0,0,0,0,0,0,0,0,0,0,0,0,0,0,0,0,0,0,0,0,0,0,0,0,0,0,0,0,0,0,0,0,0,0,0,0,0,0,0,0,0,0,0,0,0,0,0,0,0,0,0,0,0,0,0,0,0,0,0,0,0,0,0,0,0,0,0,0,0,0,0,0,0,0,0,0,0,0,0,0,0,0,0,0,0,0,0,0,0,0,0,0,0,0,0,0,0,0,0,0,0,0,0,0,0,0,0,0,0,0,0,0,0,0,0,0,0,0,0,0,0,0,0,0,0,0,0,0,0,0,0,0,0,0,0,0,0,0,0,0,0,0,0,0,0,0,0,0,0,0,0,0,0,0,0,0,0,0,0
0,0,0,0,0,0,0,0,0,0,0,0,0,0,0,0,0,0,0,0,0,0,0,0,0,0,0,0,0,0,0,0,0,0,0,0,0,0,0,0,0,0,0,0,0,0,0,0,0,0,0,0,0,0,0,0,0,0,0,0,0,0,0,0,0,0,0,0,0,0,0,0,0,0,0,0,0,0,0,0,0,0,0,0,0,0,0,0,0,0,0,0,0,0,0,0,0,0,0,0,0,0,0,0,0,0,0,0,0,0,0,0,0,0,0,0,0,0,0,0,0,0,0,0,0,0,0,0,0,0,0,0,0,0,0,0,0,0,0,0,0,0,0,0,0,0,0,0,0,0,0,0,0,0,0,0,0,0,0,0,0,0,0,0,0,0,0,0,0,0,0,0,0,0,0,0,0,0,0,0,0,0,0,0,0,0,0,0,0,0,0,0,0,0,0,0,0,0,0,0,0,0,0,0,0,0,0,0,0,0,0,0,0,0,0,0,0,0,0,0,0,0,0,0,0,0,0,0,0,0,0,0,0,0,0,0,0,0,0,0,0,0,0,0,0,0,0,0,0,0,0,0,0,0,0,0,0,0,0,0,0,0,0,0,0,0,0,0,0,0,0,0,0,0,0,0,0,0,0,0,0,0,0,0,0,0,0,0,0,0,0,0,0,0,0,0,0,0,0,0,0,0,0,0,0,0,0,0,0,0,0,0,0,0,0,0,0,0,0,0,0,0,0,0,0,0,0,0,0,0,0,0,0,0,0,0,0,0,0,0,0,0,0,0,0,0,0,0,0,0,0,0,0,0,0,0,0,0,0,0,0,0,0,0,0,0,0,0,0,0,0,0,0,0,0,0,0,0,0,0,0,0,0,0,0,0,0,0,0,0,0,0,0,0,0,0,0,0,0,0,0,0,0,0,0,0,0,0,0,0,0,0,0,0,0,0,0,0,0,0,0,0,0,0,0,0,0,0,0,0,0,0,0,0,0,0,0,0,0,0,0,0,0,0,0,0,0,0,0,0,0,0,0,0,0,0,0,0,0,0,0,0,0,0,0,0,0,0,0,0,0,0,0,0,0,0,0,0,0,0,0,0,0,0,0,0,0,0,0,0,0,0,0,0,0,0,0,0,0,0
0,0,0,0,0,0,0,0,0,0,0,0,0,0,0,0,0,0,0,0,0,0,0,0,0,0,0,0,0,0,0,0,0,0,0,0,0,0,0,0,0,0,0,0,0,0,0,0,0,0,0,0,0,0,0,0,0,0,0,0,0,0,0,0,0,0,0,0,0,0,0,0,0,0,0,0,0,0,0,0,0,0,0,0,0,0,0,0,0,0,0,0,0,0,0,0,0,0,0,0,0,0,0,0,0,0,0,0,0,0,0,0,0,0,0,0,0,0,0,0,0,0,0,0,0,0,0,0,0,0,0,0,0,0,0,0,0,0,0,0,0,0,0,0,0,0,0,0,0,0,0,0,0,0,0,0,0,0,0,0,0,0,0,0,0,0,0,0,0,0,0,0,0,0,0,0,0,0,0,0,0,0,0,0,0,0,0,0,0,0,0,0,0,0,0,0,0,0,0,0,0,0,0,0,0,0,0,0,0,0,0,0,0,0,0,0,0,0,0,0,0,0,0,0,0,0,0,0,0,0,0,0,0,0,0,0,0,0,0,0,0,0,0,0,0,0,0,0,0,0,0,0,0,0,0,0,0,0,0,0,0,0,0,0,0,0,0,0,0,0,0,0,0,0,0,0,0,0,0,0,0,0,0,0,0,0,0,0,0,0,0,0,0,0,0,0,0,0,0,0,0,0,0,0,0,0,0,0,0,0,0,0,0,0,0,0,0,0,0,0,0,0,0,0,0,0,0,0,0,0,0,0,0,0,0,0,0,0,0,0,0,0,0,0,0,0,0,0,0,0,0,0,0,0,0,0,0,0,0,0,0,0,0,0,0,0,0,0,0,0,0,0,0,0,0,0,0,0,0,0,0,0,0,0,0,0,0,0,0,0,0,0,0,0,0,0,0,0,0,0,0,0,0,0,0,0,0,0,0,0,0,0,0,0,0,0,0,0,0,0,0,0,0,0,0,0,0,0,0,0,0,0,0,0,0,0,0,0,0,0,0,0,0,0,0,0,0,0,0,0,0,0,0,0,0,0,0,0,0,0,0,0,0,0,0,0,0,0,0,0,0,0,0,0,0,0,0,0,0,0,0,0,0,0,0,0,0,0,0,0,0,0,0,0,0,0,0,0,0,0
0,0,0,0,0,0,0,0,0,0,0,0,0,0,0,0,0,0,0,0,0,0,0,0,0,0,0,0,0,0,0,0,0,0,0,0,0,0,0,0,0,0,0,0,0,0,0,0,0,0,0,0,0,0,0,0,0,0,0,0,0,0,0,0,0,0,0,0,0,0,0,0,0,0,0,0,0,0,0,0,0,0,0,0,0,0,0,0,0,0,0,0,0,0,0,0,0,0,0,0,0,0,0,0,0,0,0,0,0,0,0,0,0,0,0,0,0,0,0,0,0,0,0,0,0,0,0,0,0,0,0,0,0,0,0,0,0,0,0,0,0,0,0,0,0,0,0,0,0,0,0,0,0,0,0,0,0,0,0,0,0,0,0,0,0,0,0,0,0,0,0,0,0,0,0,0,0,0,0,0,0,0,0,0,0,0,0,0,0,0,0,0,0,0,0,0,0,0,0,0,0,0,0,0,0,0,0,0,0,0,0,0,0,0,0,0,0,0,0,0,0,0,0,0,0,0,0,0,0,0,0,0,0,0,0,0,0,0,0,0,0,0,0,0,0,0,0,0,0,0,0,0,0,0,0,0,0,0,0,0,0,0,0,0,0,0,0,0,0,0,0,0,0,0,0,0,0,0,0,0,0,0,0,0,0,0,0,0,0,0,0,0,0,0,0,0,0,0,0,0,0,0,0,0,0,0,0,0,0,0,0,0,0,0,0,0,0,0,0,0,0,0,0,0,0,0,0,0,0,0,0,0,0,0,0,0,0,0,0,0,0,0,0,0,0,0,0,0,0,0,0,0,0,0,0,0,0,0,0,0,0,0,0,0,0,0,0,0,0,0,0,0,0,0,0,0,0,0,0,0,0,0,0,0,0,0,0,0,0,0,0,0,0,0,0,0,0,0,0,0,0,0,0,0,0,0,0,0,0,0,0,0,0,0,0,0,0,0,0,0,0,0,0,0,0,0,0,0,0,0,0,0,0,0,0,0,0,0,0,0,0,0,0,0,0,0,0,0,0,0,0,0,0,0,0,0,0,0,0,0,0,0,0,0,0,0,0,0,0,0,0,0,0,0,0,0,0,0,0,0,0,0,0,0,0,0,0,0,0,0,0,0,0,0,0,0,0,0,0,0
0,0,0,0,0,0,0,0,0,0,0,0,0,0,0,0,0,0,0,0,0,0,0,0,0,0,0,0,0,0,0,0,0,0,0,0,0,0,0,0,0,0,0,0,0,0,0,0,0,0,0,0,0,0,0,0,0,0,0,0,0,0,0,0,0,0,0,0,0,0,0,0,0,0,0,0,0,0,0,0,0,0,0,0,0,0,0,0,0,0,0,0,0,0,0,0,0,0,0,0,0,0,0,0,0,0,0,0,0,0,0,0,0,0,0,0,0,0,0,0,0,0,0,0,0,0,0,0,0,0,0,0,0,0,0,0,0,0,0,0,0,0,0,0,0,0,0,0,0,0,0,0,0,0,0,0,0,0,0,0,0,0,0,0,0,0,0,0,0,0,0,0,0,0,0,0,0,0,0,0,0,0,0,0,0,0,0,0,0,0,0,0,0,0,0,0,0,0,0,0,0,0,0,0,0,0,0,0,0,0,0,0,0,0,0,0,0,0,0,0,0,0,0,0,0,0,0,0,0,0,0,0,0,0,0,0,0,0,0,0,0,0,0,0,0,0,0,0,0,0,0,0,0,0,0,0,0,0,0,0,0,0,0,0,0,0,0,0,0,0,0,0,0,0,0,0,0,0,0,0,0,0,0,0,0,0,0,0,0,0,0,0,0,0,0,0,0,0,0,0,0,0,0,0,0,0,0,0,0,0,0,0,0,0,0,0,0,0,0,0,0,0,0,0,0,0,0,0,0,0,0,0,0,0,0,0,0,0,0,0,0,0,0,0,0,0,0,0,0,0,0,0,0,0,0,0,0,0,0,0,0,0,0,0,0,0,0,0,0,0,0,0,0,0,0,0,0,0,0,0,0,0,0,0,0,0,0,0,0,0,0,0,0,0,0,0,0,0,0,0,0,0,0,0,0,0,0,0,0,0,0,0,0,0,0,0,0,0,0,0,0,0,0,0,0,0,0,0,0,0,0,0,0,0,0,0,0,0,0,0,0,0,0,0,0,0,0,0,0,0,0,0,0,0,0,0,0,0,0,0,0,0,0,0,0,0,0,0,0,0,0,0,0,0,0,0,0,0,0,0,0,0,0,0,0,0,0,0,0,0,0,0,0,0,0,0,0,0,0,0
0,0,0,0,0,0,0,0,0,0,0,0,0,0,0,0,0,0,0,0,0,0,0,0,0,0,0,0,0,0,0,0,0,0,0,0,0,0,0,0,0,0,0,0,0,0,0,0,0,0,0,0,0,0,0,0,0,0,0,0,0,0,0,0,0,0,0,0,0,0,0,0,0,0,0,0,0,0,0,0,0,0,0,0,0,0,0,0,0,0,0,0,0,0,0,0,0,0,0,0,0,0,0,0,0,0,0,0,0,0,0,0,0,0,0,0,0,0,0,0,0,0,0,0,0,0,0,0,0,0,0,0,0,0,0,0,0,0,0,0,0,0,0,0,0,0,0,0,0,0,0,0,0,0,0,0,0,0,0,0,0,0,0,0,0,0,0,0,0,0,0,0,0,0,0,0,0,0,0,0,0,0,0,0,0,0,0,0,0,0,0,0,0,0,0,0,0,0,0,0,0,0,0,0,0,0,0,0,0,0,0,0,0,0,0,0,0,0,0,0,0,0,0,0,0,0,0,0,0,0,0,0,0,0,0,0,0,0,0,0,0,0,0,0,0,0,0,0,0,0,0,0,0,0,0,0,0,0,0,0,0,0,0,0,0,0,0,0,0,0,0,0,0,0,0,0,0,0,0,0,0,0,0,0,0,0,0,0,0,0,0,0,0,0,0,0,0,0,0,0,0,0,0,0,0,0,0,0,0,0,0,0,0,0,0,0,0,0,0,0,0,0,0,0,0,0,0,0,0,0,0,0,0,0,0,0,0,0,0,0,0,0,0,0,0,0,0,0,0,0,0,0,0,0,0,0,0,0,0,0,0,0,0,0,0,0,0,0,0,0,0,0,0,0,0,0,0,0,0,0,0,0,0,0,0,0,0,0,0,0,0,0,0,0,0,0,0,0,0,0,0,0,0,0,0,0,0,0,0,0,0,0,0,0,0,0,0,0,0,0,0,0,0,0,0,0,0,0,0,0,0,0,0,0,0,0,0,0,0,0,0,0,0,0,0,0,0,0,0,0,0,0,0,0,0,0,0,0,0,0,0,0,0,0,0,0,0,0,0,0,0,0,0,0,0,0,0,0,0,0,0,0,0,0,0,0,0,0,0,0,0,0,0,0,0,0,0,0,0,0
0,0,0,0,0,0,0,0,0,0,0,0,0,0,0,0,0,0,0,0,0,0,0,0,0,0,0,0,0,0,0,0,0,0,0,0,0,0,0,0,0,0,0,0,0,0,0,0,0,0,0,0,0,0,0,0,0,0,0,0,0,0,0,0,0,0,0,0,0,0,0,0,0,0,0,0,0,0,0,0,0,0,0,0,0,0,0,0,0,0,0,0,0,0,0,0,0,0,0,0,0,0,0,0,0,0,0,0,0,0,0,0,0,0,0,0,0,0,0,0,0,0,0,0,0,0,0,0,0,0,0,0,0,0,0,0,0,0,0,0,0,0,0,0,0,0,0,0,0,0,0,0,0,0,0,0,0,0,0,0,0,0,0,0,0,0,0,0,0,0,0,0,0,0,0,0,0,0,0,0,0,0,0,0,0,0,0,0,0,0,0,0,0,0,0,0,0,0,0,0,0,0,0,0,0,0,0,0,0,0,0,0,0,0,0,0,0,0,0,0,0,0,0,0,0,0,0,0,0,0,0,0,0,0,0,0,0,0,0,0,0,0,0,0,0,0,0,0,0,0,0,0,0,0,0,0,0,0,0,0,0,0,0,0,0,0,0,0,0,0,0,0,0,0,0,0,0,0,0,0,0,0,0,0,0,0,0,0,0,0,0,0,0,0,0,0,0,0,0,0,0,0,0,0,0,0,0,0,0,0,0,0,0,0,0,0,0,0,0,0,0,0,0,0,0,0,0,0,0,0,0,0,0,0,0,0,0,0,0,0,0,0,0,0,0,0,0,0,0,0,0,0,0,0,0,0,0,0,0,0,0,0,0,0,0,0,0,0,0,0,0,0,0,0,0,0,0,0,0,0,0,0,0,0,0,0,0,0,0,0,0,0,0,0,0,0,0,0,0,0,0,0,0,0,0,0,0,0,0,0,0,0,0,0,0,0,0,0,0,0,0,0,0,0,0,0,0,0,0,0,0,0,0,0,0,0,0,0,0,0,0,0,0,0,0,0,0,0,0,0,0,0,0,0,0,0,0,0,0,0,0,0,0,0,0,0,0,0,0,0,0,0,0,0,0,0,0,0,0,0,0,0,0,0,0,0,0,0,0,0,0,0,0,0,0,0,0,0,0,0
0,0,0,0,0,0,0,0,0,0,0,0,0,0,0,0,0,0,0,0,0,0,0,0,0,0,0,0,0,0,0,0,0,0,0,0,0,0,0,0,0,0,0,0,0,0,0,0,0,0,0,0,0,0,0,0,0,0,0,0,0,0,0,0,0,0,0,0,0,0,0,0,0,0,0,0,0,0,0,0,0,0,0,0,0,0,0,0,0,0,0,0,0,0,0,0,0,0,0,0,0,0,0,0,0,0,0,0,0,0,0,0,0,0,0,0,0,0,0,0,0,0,0,0,0,0,0,0,0,0,0,0,0,0,0,0,0,0,0,0,0,0,0,0,0,0,0,0,0,0,0,0,0,0,0,0,0,0,0,0,0,0,0,0,0,0,0,0,0,0,0,0,0,0,0,0,0,0,0,0,0,0,0,0,0,0,0,0,0,0,0,0,0,0,0,0,0,0,0,0,0,0,0,0,0,0,0,0,0,0,0,0,0,0,0,0,0,0,0,0,0,0,0,0,0,0,0,0,0,0,0,0,0,0,0,0,0,0,0,0,0,0,0,0,0,0,0,0,0,0,0,0,0,0,0,0,0,0,0,0,0,0,0,0,0,0,0,0,0,0,0,0,0,0,0,0,0,0,0,0,0,0,0,0,0,0,0,0,0,0,0,0,0,0,0,0,0,0,0,0,0,0,0,0,0,0,0,0,0,0,0,0,0,0,0,0,0,0,0,0,0,0,0,0,0,0,0,0,0,0,0,0,0,0,0,0,0,0,0,0,0,0,0,0,0,0,0,0,0,0,0,0,0,0,0,0,0,0,0,0,0,0,0,0,0,0,0,0,0,0,0,0,0,0,0,0,0,0,0,0,0,0,0,0,0,0,0,0,0,0,0,0,0,0,0,0,0,0,0,0,0,0,0,0,0,0,0,0,0,0,0,0,0,0,0,0,0,0,0,0,0,0,0,0,0,0,0,0,0,0,0,0,0,0,0,0,0,0,0,0,0,0,0,0,0,0,0,0,0,0,0,0,0,0,0,0,0,0,0,0,0,0,0,0,0,0,0,0,0,0,0,0,0,0,0,0,0,0,0,0,0,0,0,0,0,0,0,0,0,0,0,0,0,0,0,0,0,0,0,0
0,0,0,0,0,0,0,0,0,0,0,0,0,0,0,0,0,0,0,0,0,0,0,0,0,0,0,0,0,0,0,0,0,0,0,0,0,0,0,0,0,0,0,0,0,0,0,0,0,0,0,0,0,0,0,0,0,0,0,0,0,0,0,0,0,0,0,0,0,0,0,0,0,0,0,0,0,0,0,0,0,0,0,0,0,0,0,0,0,0,0,0,0,0,0,0,0,0,0,0,0,0,0,0,0,0,0,0,0,0,0,0,0,0,0,0,0,0,0,0,0,0,0,0,0,0,0,0,0,0,0,0,0,0,0,0,0,0,0,0,0,0,0,0,0,0,0,0,0,0,0,0,0,0,0,0,0,0,0,0,0,0,0,0,0,0,0,0,0,0,0,0,0,0,0,0,0,0,0,0,0,0,0,0,0,0,0,0,0,0,0,0,0,0,0,0,0,0,0,0,0,0,0,0,0,0,0,0,0,0,0,0,0,0,0,0,0,0,0,0,0,0,0,0,0,0,0,0,0,0,0,0,0,0,0,0,0,0,0,0,0,0,0,0,0,0,0,0,0,0,0,0,0,0,0,0,0,0,0,0,0,0,0,0,0,0,0,0,0,0,0,0,0,0,0,0,0,0,0,0,0,0,0,0,0,0,0,0,0,0,0,0,0,0,0,0,0,0,0,0,0,0,0,0,0,0,0,0,0,0,0,0,0,0,0,0,0,0,0,0,0,0,0,0,0,0,0,0,0,0,0,0,0,0,0,0,0,0,0,0,0,0,0,0,0,0,0,0,0,0,0,0,0,0,0,0,0,0,0,0,0,0,0,0,0,0,0,0,0,0,0,0,0,0,0,0,0,0,0,0,0,0,0,0,0,0,0,0,0,0,0,0,0,0,0,0,0,0,0,0,0,0,0,0,0,0,0,0,0,0,0,0,0,0,0,0,0,0,0,0,0,0,0,0,0,0,0,0,0,0,0,0,0,0,0,0,0,0,0,0,0,0,0,0,0,0,0,0,0,0,0,0,0,0,0,0,0,0,0,0,0,0,0,0,0,0,0,0,0,0,0,0,0,0,0,0,0,0,0,0,0,0,0,0,0,0,0,0,0,0,0,0,0,0,0,0,0,0,0,0
0,0,0,0,0,0,0,0,0,0,0,0,0,0,0,0,0,0,0,0,0,0,0,0,0,0,0,0,0,0,0,0,0,0,0,0,0,0,0,0,0,0,0,0,0,0,0,0,0,0,0,0,0,0,0,0,0,0,0,0,0,0,0,0,0,0,0,0,0,0,0,0,0,0,0,0,0,0,0,0,0,0,0,0,0,0,0,0,0,0,0,0,0,0,0,0,0,0,0,0,0,0,0,0,0,0,0,0,0,0,0,0,0,0,0,0,0,0,0,0,0,0,0,0,0,0,0,0,0,0,0,0,0,0,0,0,0,0,0,0,0,0,0,0,0,0,0,0,0,0,0,0,0,0,0,0,0,0,0,0,0,0,0,0,0,0,0,0,0,0,0,0,0,0,0,0,0,0,0,0,0,0,0,0,0,0,0,0,0,0,0,0,0,0,0,0,0,0,0,0,0,0,0,0,0,0,0,0,0,0,0,0,0,0,0,0,0,0,0,0,0,0,0,0,0,0,0,0,0,0,0,0,0,0,0,0,0,0,0,0,0,0,0,0,0,0,0,0,0,0,0,0,0,0,0,0,0,0,0,0,0,0,0,0,0,0,0,0,0,0,0,0,0,0,0,0,0,0,0,0,0,0,0,0,0,0,0,0,0,0,0,0,0,0,0,0,0,0,0,0,0,0,0,0,0,0,0,0,0,0,0,0,0,0,0,0,0,0,0,0,0,0,0,0,0,0,0,0,0,0,0,0,0,0,0,0,0,0,0,0,0,0,0,0,0,0,0,0,0,0,0,0,0,0,0,0,0,0,0,0,0,0,0,0,0,0,0,0,0,0,0,0,0,0,0,0,0,0,0,0,0,0,0,0,0,0,0,0,0,0,0,0,0,0,0,0,0,0,0,0,0,0,0,0,0,0,0,0,0,0,0,0,0,0,0,0,0,0,0,0,0,0,0,0,0,0,0,0,0,0,0,0,0,0,0,0,0,0,0,0,0,0,0,0,0,0,0,0,0,0,0,0,0,0,0,0,0,0,0,0,0,0,0,0,0,0,0,0,0,0,0,0,0,0,0,0,0,0,0,0,0,0,0,0,0,0,0,0,0,0,0,0,0,0,0,0,0,0,0,0
0,0,0,0,0,0,0,0,0,0,0,0,0,0,0,0,0,0,0,0,0,0,0,0,0,0,0,0,0,0,0,0,0,0,0,0,0,0,0,0,0,0,0,0,0,0,0,0,0,0,0,0,0,0,0,0,0,0,0,0,0,0,0,0,0,0,0,0,0,0,0,0,0,0,0,0,0,0,0,0,0,0,0,0,0,0,0,0,0,0,0,0,0,0,0,0,0,0,0,0,0,0,0,0,0,0,0,0,0,0,0,0,0,0,0,0,0,0,0,0,0,0,0,0,0,0,0,0,0,0,0,0,0,0,0,0,0,0,0,0,0,0,0,0,0,0,0,0,0,0,0,0,0,0,0,0,0,0,0,0,0,0,0,0,0,0,0,0,0,0,0,0,0,0,0,0,0,0,0,0,0,0,0,0,0,0,0,0,0,0,0,0,0,0,0,0,0,0,0,0,0,0,0,0,0,0,0,0,0,0,0,0,0,0,0,0,0,0,0,0,0,0,0,0,0,0,0,0,0,0,0,0,0,0,0,0,0,0,0,0,0,0,0,0,0,0,0,0,0,0,0,0,0,0,0,0,0,0,0,0,0,0,0,0,0,0,0,0,0,0,0,0,0,0,0,0,0,0,0,0,0,0,0,0,0,0,0,0,0,0,0,0,0,0,0,0,0,0,0,0,0,0,0,0,0,0,0,0,0,0,0,0,0,0,0,0,0,0,0,0,0,0,0,0,0,0,0,0,0,0,0,0,0,0,0,0,0,0,0,0,0,0,0,0,0,0,0,0,0,0,0,0,0,0,0,0,0,0,0,0,0,0,0,0,0,0,0,0,0,0,0,0,0,0,0,0,0,0,0,0,0,0,0,0,0,0,0,0,0,0,0,0,0,0,0,0,0,0,0,0,0,0,0,0,0,0,0,0,0,0,0,0,0,0,0,0,0,0,0,0,0,0,0,0,0,0,0,0,0,0,0,0,0,0,0,0,0,0,0,0,0,0,0,0,0,0,0,0,0,0,0,0,0,0,0,0,0,0,0,0,0,0,0,0,0,0,0,0,0,0,0,0,0,0,0,0,0,0,0,0,0,0,0,0,0,0,0,0,0,0,0,0,0,0,0,0,0,0,0,0
0,0,0,0,0,0,0,0,0,0,0,0,0,0,0,0,0,0,0,0,0,0,0,0,0,0,0,0,0,0,0,0,0,0,0,0,0,0,0,0,0,0,0,0,0,0,0,0,0,0,0,0,0,0,0,0,0,0,0,0,0,0,0,0,0,0,0,0,0,0,0,0,0,0,0,0,0,0,0,0,0,0,0,0,0,0,0,0,0,0,0,0,0,0,0,0,0,0,0,0,0,0,0,0,0,0,0,0,0,0,0,0,0,0,0,0,0,0,0,0,0,0,0,0,0,0,0,0,0,0,0,0,0,0,0,0,0,0,0,0,0,0,0,0,0,0,0,0,0,0,0,0,0,0,0,0,0,0,0,0,0,0,0,0,0,0,0,0,0,0,0,0,0,0,0,0,0,0,0,0,0,0,0,0,0,0,0,0,0,0,0,0,0,0,0,0,0,0,0,0,0,0,0,0,0,0,0,0,0,0,0,0,0,0,0,0,0,0,0,0,0,0,0,0,0,0,0,0,0,0,0,0,0,0,0,0,0,0,0,0,0,0,0,0,0,0,0,0,0,0,0,0,0,0,0,0,0,0,0,0,0,0,0,0,0,0,0,0,0,0,0,0,0,0,0,0,0,0,0,0,0,0,0,0,0,0,0,0,0,0,0,0,0,0,0,0,0,0,0,0,0,0,0,0,0,0,0,0,0,0,0,0,0,0,0,0,0,0,0,0,0,0,0,0,0,0,0,0,0,0,0,0,0,0,0,0,0,0,0,0,0,0,0,0,0,0,0,0,0,0,0,0,0,0,0,0,0,0,0,0,0,0,0,0,0,0,0,0,0,0,0,0,0,0,0,0,0,0,0,0,0,0,0,0,0,0,0,0,0,0,0,0,0,0,0,0,0,0,0,0,0,0,0,0,0,0,0,0,0,0,0,0,0,0,0,0,0,0,0,0,0,0,0,0,0,0,0,0,0,0,0,0,0,0,0,0,0,0,0,0,0,0,0,0,0,0,0,0,0,0,0,0,0,0,0,0,0,0,0,0,0,0,0,0,0,0,0,0,0,0,0,0,0,0,0,0,0,0,0,0,0,0,0,0,0,0,0,0,0,0,0,0,0,0,0,0,0,0,0,0
0,0,0,0,0,0,0,0,0,0,0,0,0,0,0,0,0,0,0,0,0,0,0,0,0,0,0,0,0,0,0,0,0,0,0,0,0,0,0,0,0,0,0,0,0,0,0,0,0,0,0,0,0,0,0,0,0,0,0,0,0,0,0,0,0,0,0,0,0,0,0,0,0,0,0,0,0,0,0,0,0,0,0,0,0,0,0,0,0,0,0,0,0,0,0,0,0,0,0,0,0,0,0,0,0,0,0,0,0,0,0,0,0,0,0,0,0,0,0,0,0,0,0,0,0,0,0,0,0,0,0,0,0,0,0,0,0,0,0,0,0,0,0,0,0,0,0,0,0,0,0,0,0,0,0,0,0,0,0,0,0,0,0,0,0,0,0,0,0,0,0,0,0,0,0,0,0,0,0,0,0,0,0,0,0,0,0,0,0,0,0,0,0,0,0,0,0,0,0,0,0,0,0,0,0,0,0,0,0,0,0,0,0,0,0,0,0,0,0,0,0,0,0,0,0,0,0,0,0,0,0,0,0,0,0,0,0,0,0,0,0,0,0,0,0,0,0,0,0,0,0,0,0,0,0,0,0,0,0,0,0,0,0,0,0,0,0,0,0,0,0,0,0,0,0,0,0,0,0,0,0,0,0,0,0,0,0,0,0,0,0,0,0,0,0,0,0,0,0,0,0,0,0,0,0,0,0,0,0,0,0,0,0,0,0,0,0,0,0,0,0,0,0,0,0,0,0,0,0,0,0,0,0,0,0,0,0,0,0,0,0,0,0,0,0,0,0,0,0,0,0,0,0,0,0,0,0,0,0,0,0,0,0,0,0,0,0,0,0,0,0,0,0,0,0,0,0,0,0,0,0,0,0,0,0,0,0,0,0,0,0,0,0,0,0,0,0,0,0,0,0,0,0,0,0,0,0,0,0,0,0,0,0,0,0,0,0,0,0,0,0,0,0,0,0,0,0,0,0,0,0,0,0,0,0,0,0,0,0,0,0,0,0,0,0,0,0,0,0,0,0,0,0,0,0,0,0,0,0,0,0,0,0,0,0,0,0,0,0,0,0,0,0,0,0,0,0,0,0,0,0,0,0,0,0,0,0,0,0,0,0,0,0,0,0,0,0,0,0,0
0,0,0,0,0,0,0,0,0,0,0,0,0,0,0,0,0,0,0,0,0,0,0,0,0,0,0,0,0,0,0,0,0,0,0,0,0,0,0,0,0,0,0,0,0,0,0,0,0,0,0,0,0,0,0,0,0,0,0,0,0,0,0,0,0,0,0,0,0,0,0,0,0,0,0,0,0,0,0,0,0,0,0,0,0,0,0,0,0,0,0,0,0,0,0,0,0,0,0,0,0,0,0,0,0,0,0,0,0,0,0,0,0,0,0,0,0,0,0,0,0,0,0,0,0,0,0,0,0,0,0,0,0,0,0,0,0,0,0,0,0,0,0,0,0,0,0,0,0,0,0,0,0,0,0,0,0,0,0,0,0,0,0,0,0,0,0,0,0,0,0,0,0,0,0,0,0,0,0,0,0,0,0,0,0,0,0,0,0,0,0,0,0,0,0,0,0,0,0,0,0,0,0,0,0,0,0,0,0,0,0,0,0,0,0,0,0,0,0,0,0,0,0,0,0,0,0,0,0,0,0,0,0,0,0,0,0,0,0,0,0,0,0,0,0,0,0,0,0,0,0,0,0,0,0,0,0,0,0,0,0,0,0,0,0,0,0,0,0,0,0,0,0,0,0,0,0,0,0,0,0,0,0,0,0,0,0,0,0,0,0,0,0,0,0,0,0,0,0,0,0,0,0,0,0,0,0,0,0,0,0,0,0,0,0,0,0,0,0,0,0,0,0,0,0,0,0,0,0,0,0,0,0,0,0,0,0,0,0,0,0,0,0,0,0,0,0,0,0,0,0,0,0,0,0,0,0,0,0,0,0,0,0,0,0,0,0,0,0,0,0,0,0,0,0,0,0,0,0,0,0,0,0,0,0,0,0,0,0,0,0,0,0,0,0,0,0,0,0,0,0,0,0,0,0,0,0,0,0,0,0,0,0,0,0,0,0,0,0,0,0,0,0,0,0,0,0,0,0,0,0,0,0,0,0,0,0,0,0,0,0,0,0,0,0,0,0,0,0,0,0,0,0,0,0,0,0,0,0,0,0,0,0,0,0,0,0,0,0,0,0,0,0,0,0,0,0,0,0,0,0,0,0,0,0,0,0,0,0,0,0,0,0,0,0,0,0,0,0,0
0,0,0,0,0,0,0,0,0,0,0,0,0,0,0,0,0,0,0,0,0,0,0,0,0,0,0,0,0,0,0,0,0,0,0,0,0,0,0,0,0,0,0,0,0,0,0,0,0,0,0,0,0,0,0,0,0,0,0,0,0,0,0,0,0,0,0,0,0,0,0,0,0,0,0,0,0,0,0,0,0,0,0,0,0,0,0,0,0,0,0,0,0,0,0,0,0,0,0,0,0,0,0,0,0,0,0,0,0,0,0,0,0,0,0,0,0,0,0,0,0,0,0,0,0,0,0,0,0,0,0,0,0,0,0,0,0,0,0,0,0,0,0,0,0,0,0,0,0,0,0,0,0,0,0,0,0,0,0,0,0,0,0,0,0,0,0,0,0,0,0,0,0,0,0,0,0,0,0,0,0,0,0,0,0,0,0,0,0,0,0,0,0,0,0,0,0,0,0,0,0,0,0,0,0,0,0,0,0,0,0,0,0,0,0,0,0,0,0,0,0,0,0,0,0,0,0,0,0,0,0,0,0,0,0,0,0,0,0,0,0,0,0,0,0,0,0,0,0,0,0,0,0,0,0,0,0,0,0,0,0,0,0,0,0,0,0,0,0,0,0,0,0,0,0,0,0,0,0,0,0,0,0,0,0,0,0,0,0,0,0,0,0,0,0,0,0,0,0,0,0,0,0,0,0,0,0,0,0,0,0,0,0,0,0,0,0,0,0,0,0,0,0,0,0,0,0,0,0,0,0,0,0,0,0,0,0,0,0,0,0,0,0,0,0,0,0,0,0,0,0,0,0,0,0,0,0,0,0,0,0,0,0,0,0,0,0,0,0,0,0,0,0,0,0,0,0,0,0,0,0,0,0,0,0,0,0,0,0,0,0,0,0,0,0,0,0,0,0,0,0,0,0,0,0,0,0,0,0,0,0,0,0,0,0,0,0,0,0,0,0,0,0,0,0,0,0,0,0,0,0,0,0,0,0,0,0,0,0,0,0,0,0,0,0,0,0,0,0,0,0,0,0,0,0,0,0,0,0,0,0,0,0,0,0,0,0,0,0,0,0,0,0,0,0,0,0,0,0,0,0,0,0,0,0,0,0,0,0,0,0,0,0,0,0,0,0,0,0,0
0,0,0,0,0,0,0,0,0,0,0,0,0,0,0,0,0,0,0,0,0,0,0,0,0,0,0,0,0,0,0,0,0,0,0,0,0,0,0,0,0,0,0,0,0,0,0,0,0,0,0,0,0,0,0,0,0,0,0,0,0,0,0,0,0,0,0,0,0,0,0,0,0,0,0,0,0,0,0,0,0,0,0,0,0,0,0,0,0,0,0,0,0,0,0,0,0,0,0,0,0,0,0,0,0,0,0,0,0,0,0,0,0,0,0,0,0,0,0,0,0,0,0,0,0,0,0,0,0,0,0,0,0,0,0,0,0,0,0,0,0,0,0,0,0,0,0,0,0,0,0,0,0,0,0,0,0,0,0,0,0,0,0,0,0,0,0,0,0,0,0,0,0,0,0,0,0,0,0,0,0,0,0,0,0,0,0,0,0,0,0,0,0,0,0,0,0,0,0,0,0,0,0,0,0,0,0,0,0,0,0,0,0,0,0,0,0,0,0,0,0,0,0,0,0,0,0,0,0,0,0,0,0,0,0,0,0,0,0,0,0,0,0,0,0,0,0,0,0,0,0,0,0,0,0,0,0,0,0,0,0,0,0,0,0,0,0,0,0,0,0,0,0,0,0,0,0,0,0,0,0,0,0,0,0,0,0,0,0,0,0,0,0,0,0,0,0,0,0,0,0,0,0,0,0,0,0,0,0,0,0,0,0,0,0,0,0,0,0,0,0,0,0,0,0,0,0,0,0,0,0,0,0,0,0,0,0,0,0,0,0,0,0,0,0,0,0,0,0,0,0,0,0,0,0,0,0,0,0,0,0,0,0,0,0,0,0,0,0,0,0,0,0,0,0,0,0,0,0,0,0,0,0,0,0,0,0,0,0,0,0,0,0,0,0,0,0,0,0,0,0,0,0,0,0,0,0,0,0,0,0,0,0,0,0,0,0,0,0,0,0,0,0,0,0,0,0,0,0,0,0,0,0,0,0,0,0,0,0,0,0,0,0,0,0,0,0,0,0,0,0,0,0,0,0,0,0,0,0,0,0,0,0,0,0,0,0,0,0,0,0,0,0,0,0,0,0,0,0,0,0,0,0,0,0,0,0,0,0,0,0,0,0,0,0,0,0,0,0,0
0,0,0,0,0,0,0,0,0,0,0,0,0,0,0,0,0,0,0,0,0,0,0,0,0,0,0,0,0,0,0,0,0,0,0,0,0,0,0,0,0,0,0,0,0,0,0,0,0,0,0,0,0,0,0,0,0,0,0,0,0,0,0,0,0,0,0,0,0,0,0,0,0,0,0,0,0,0,0,0,0,0,0,0,0,0,0,0,0,0,0,0,0,0,0,0,0,0,0,0,0,0,0,0,0,0,0,0,0,0,0,0,0,0,0,0,0,0,0,0,0,0,0,0,0,0,0,0,0,0,0,0,0,0,0,0,0,0,0,0,0,0,0,0,0,0,0,0,0,0,0,0,0,0,0,0,0,0,0,0,0,0,0,0,0,0,0,0,0,0,0,0,0,0,0,0,0,0,0,0,0,0,0,0,0,0,0,0,0,0,0,0,0,0,0,0,0,0,0,0,0,0,0,0,0,0,0,0,0,0,0,0,0,0,0,0,0,0,0,0,0,0,0,0,0,0,0,0,0,0,0,0,0,0,0,0,0,0,0,0,0,0,0,0,0,0,0,0,0,0,0,0,0,0,0,0,0,0,0,0,0,0,0,0,0,0,0,0,0,0,0,0,0,0,0,0,0,0,0,0,0,0,0,0,0,0,0,0,0,0,0,0,0,0,0,0,0,0,0,0,0,0,0,0,0,0,0,0,0,0,0,0,0,0,0,0,0,0,0,0,0,0,0,0,0,0,0,0,0,0,0,0,0,0,0,0,0,0,0,0,0,0,0,0,0,0,0,0,0,0,0,0,0,0,0,0,0,0,0,0,0,0,0,0,0,0,0,0,0,0,0,0,0,0,0,0,0,0,0,0,0,0,0,0,0,0,0,0,0,0,0,0,0,0,0,0,0,0,0,0,0,0,0,0,0,0,0,0,0,0,0,0,0,0,0,0,0,0,0,0,0,0,0,0,0,0,0,0,0,0,0,0,0,0,0,0,0,0,0,0,0,0,0,0,0,0,0,0,0,0,0,0,0,0,0,0,0,0,0,0,0,0,0,0,0,0,0,0,0,0,0,0,0,0,0,0,0,0,0,0,0,0,0,0,0,0,0,0,0,0,0,0,0,0,0,0,0,0,0,0
0,0,0,0,0,0,0,0,0,0,0,0,0,0,0,0,0,0,0,0,0,0,0,0,0,0,0,0,0,0,0,0,0,0,0,0,0,0,0,0,0,0,0,0,0,0,0,0,0,0,0,0,0,0,0,0,0,0,0,0,0,0,0,0,0,0,0,0,0,0,0,0,0,0,0,0,0,0,0,0,0,0,0,0,0,0,0,0,0,0,0,0,0,0,0,0,0,0,0,0,0,0,0,0,0,0,0,0,0,0,0,0,0,0,0,0,0,0,0,0,0,0,0,0,0,0,0,0,0,0,0,0,0,0,0,0,0,0,0,0,0,0,0,0,0,0,0,0,0,0,0,0,0,0,0,0,0,0,0,0,0,0,0,0,0,0,0,0,0,0,0,0,0,0,0,0,0,0,0,0,0,0,0,0,0,0,0,0,0,0,0,0,0,0,0,0,0,0,0,0,0,0,0,0,0,0,0,0,0,0,0,0,0,0,0,0,0,0,0,0,0,0,0,0,0,0,0,0,0,0,0,0,0,0,0,0,0,0,0,0,0,0,0,0,0,0,0,0,0,0,0,0,0,0,0,0,0,0,0,0,0,0,0,0,0,0,0,0,0,0,0,0,0,0,0,0,0,0,0,0,0,0,0,0,0,0,0,0,0,0,0,0,0,0,0,0,0,0,0,0,0,0,0,0,0,0,0,0,0,0,0,0,0,0,0,0,0,0,0,0,0,0,0,0,0,0,0,0,0,0,0,0,0,0,0,0,0,0,0,0,0,0,0,0,0,0,0,0,0,0,0,0,0,0,0,0,0,0,0,0,0,0,0,0,0,0,0,0,0,0,0,0,0,0,0,0,0,0,0,0,0,0,0,0,0,0,0,0,0,0,0,0,0,0,0,0,0,0,0,0,0,0,0,0,0,0,0,0,0,0,0,0,0,0,0,0,0,0,0,0,0,0,0,0,0,0,0,0,0,0,0,0,0,0,0,0,0,0,0,0,0,0,0,0,0,0,0,0,0,0,0,0,0,0,0,0,0,0,0,0,0,0,0,0,0,0,0,0,0,0,0,0,0,0,0,0,0,0,0,0,0,0,0,0,0,0,0,0,0,0,0,0,0,0,0,0,0,0,0,0
0,0,0,0,0,0,0,0,0,0,0,0,0,0,0,0,0,0,0,0,0,0,0,0,0,0,0,0,0,0,0,0,0,0,0,0,0,0,0,0,0,0,0,0,0,0,0,0,0,0,0,0,0,0,0,0,0,0,0,0,0,0,0,0,0,0,0,0,0,0,0,0,0,0,0,0,0,0,0,0,0,0,0,0,0,0,0,0,0,0,0,0,0,0,0,0,0,0,0,0,0,0,0,0,0,0,0,0,0,0,0,0,0,0,0,0,0,0,0,0,0,0,0,0,0,0,0,0,0,0,0,0,0,0,0,0,0,0,0,0,0,0,0,0,0,0,0,0,0,0,0,0,0,0,0,0,0,0,0,0,0,0,0,0,0,0,0,0,0,0,0,0,0,0,0,0,0,0,0,0,0,0,0,0,0,0,0,0,0,0,0,0,0,0,0,0,0,0,0,0,0,0,0,0,0,0,0,0,0,0,0,0,0,0,0,0,0,0,0,0,0,0,0,0,0,0,0,0,0,0,0,0,0,0,0,0,0,0,0,0,0,0,0,0,0,0,0,0,0,0,0,0,0,0,0,0,0,0,0,0,0,0,0,0,0,0,0,0,0,0,0,0,0,0,0,0,0,0,0,0,0,0,0,0,0,0,0,0,0,0,0,0,0,0,0,0,0,0,0,0,0,0,0,0,0,0,0,0,0,0,0,0,0,0,0,0,0,0,0,0,0,0,0,0,0,0,0,0,0,0,0,0,0,0,0,0,0,0,0,0,0,0,0,0,0,0,0,0,0,0,0,0,0,0,0,0,0,0,0,0,0,0,0,0,0,0,0,0,0,0,0,0,0,0,0,0,0,0,0,0,0,0,0,0,0,0,0,0,0,0,0,0,0,0,0,0,0,0,0,0,0,0,0,0,0,0,0,0,0,0,0,0,0,0,0,0,0,0,0,0,0,0,0,0,0,0,0,0,0,0,0,0,0,0,0,0,0,0,0,0,0,0,0,0,0,0,0,0,0,0,0,0,0,0,0,0,0,0,0,0,0,0,0,0,0,0,0,0,0,0,0,0,0,0,0,0,0,0,0,0,0,0,0,0,0,0,0,0,0,0,0,0,0,0,0,0,0,0,0,0
0,0,0,0,0,0,0,0,0,0,0,0,0,0,0,0,0,0,0,0,0,0,0,0,0,0,0,0,0,0,0,0,0,0,0,0,0,0,0,0,0,0,0,0,0,0,0,0,0,0,0,0,0,0,0,0,0,0,0,0,0,0,0,0,0,0,0,0,0,0,0,0,0,0,0,0,0,0,0,0,0,0,0,0,0,0,0,0,0,0,0,0,0,0,0,0,0,0,0,0,0,0,0,0,0,0,0,0,0,0,0,0,0,0,0,0,0,0,0,0,0,0,0,0,0,0,0,0,0,0,0,0,0,0,0,0,0,0,0,0,0,0,0,0,0,0,0,0,0,0,0,0,0,0,0,0,0,0,0,0,0,0,0,0,0,0,0,0,0,0,0,0,0,0,0,0,0,0,0,0,0,0,0,0,0,0,0,0,0,0,0,0,0,0,0,0,0,0,0,0,0,0,0,0,0,0,0,0,0,0,0,0,0,0,0,0,0,0,0,0,0,0,0,0,0,0,0,0,0,0,0,0,0,0,0,0,0,0,0,0,0,0,0,0,0,0,0,0,0,0,0,0,0,0,0,0,0,0,0,0,0,0,0,0,0,0,0,0,0,0,0,0,0,0,0,0,0,0,0,0,0,0,0,0,0,0,0,0,0,0,0,0,0,0,0,0,0,0,0,0,0,0,0,0,0,0,0,0,0,0,0,0,0,0,0,0,0,0,0,0,0,0,0,0,0,0,0,0,0,0,0,0,0,0,0,0,0,0,0,0,0,0,0,0,0,0,0,0,0,0,0,0,0,0,0,0,0,0,0,0,0,0,0,0,0,0,0,0,0,0,0,0,0,0,0,0,0,0,0,0,0,0,0,0,0,0,0,0,0,0,0,0,0,0,0,0,0,0,0,0,0,0,0,0,0,0,0,0,0,0,0,0,0,0,0,0,0,0,0,0,0,0,0,0,0,0,0,0,0,0,0,0,0,0,0,0,0,0,0,0,0,0,0,0,0,0,0,0,0,0,0,0,0,0,0,0,0,0,0,0,0,0,0,0,0,0,0,0,0,0,0,0,0,0,0,0,0,0,0,0,0,0,0,0,0,0,0,0,0,0,0,0,0,0,0,0,0,0,0,0
0,0,0,0,0,0,0,0,0,0,0,0,0,0,0,0,0,0,0,0,0,0,0,0,0,0,0,0,0,0,0,0,0,0,0,0,0,0,0,0,0,0,0,0,0,0,0,0,0,0,0,0,0,0,0,0,0,0,0,0,0,0,0,0,0,0,0,0,0,0,0,0,0,0,0,0,0,0,0,0,0,0,0,0,0,0,0,0,0,0,0,0,0,0,0,0,0,0,0,0,0,0,0,0,0,0,0,0,0,0,0,0,0,0,0,0,0,0,0,0,0,0,0,0,0,0,0,0,0,0,0,0,0,0,0,0,0,0,0,0,0,0,0,0,0,0,0,0,0,0,0,0,0,0,0,0,0,0,0,0,0,0,0,0,0,0,0,0,0,0,0,0,0,0,0,0,0,0,0,0,0,0,0,0,0,0,0,0,0,0,0,0,0,0,0,0,0,0,0,0,0,0,0,0,0,0,0,0,0,0,0,0,0,0,0,0,0,0,0,0,0,0,0,0,0,0,0,0,0,0,0,0,0,0,0,0,0,0,0,0,0,0,0,0,0,0,0,0,0,0,0,0,0,0,0,0,0,0,0,0,0,0,0,0,0,0,0,0,0,0,0,0,0,0,0,0,0,0,0,0,0,0,0,0,0,0,0,0,0,0,0,0,0,0,0,0,0,0,0,0,0,0,0,0,0,0,0,0,0,0,0,0,0,0,0,0,0,0,0,0,0,0,0,0,0,0,0,0,0,0,0,0,0,0,0,0,0,0,0,0,0,0,0,0,0,0,0,0,0,0,0,0,0,0,0,0,0,0,0,0,0,0,0,0,0,0,0,0,0,0,0,0,0,0,0,0,0,0,0,0,0,0,0,0,0,0,0,0,0,0,0,0,0,0,0,0,0,0,0,0,0,0,0,0,0,0,0,0,0,0,0,0,0,0,0,0,0,0,0,0,0,0,0,0,0,0,0,0,0,0,0,0,0,0,0,0,0,0,0,0,0,0,0,0,0,0,0,0,0,0,0,0,0,0,0,0,0,0,0,0,0,0,0,0,0,0,0,0,0,0,0,0,0,0,0,0,0,0,0,0,0,0,0,0,0,0,0,0,0,0,0,0,0,0,0,0,0,0,0,0
0,0,0,0,0,0,0,0,0,0,0,0,0,0,0,0,0,0,0,0,0,0,0,0,0,0,0,0,0,0,0,0,0,0,0,0,0,0,0,0,0,0,0,0,0,0,0,0,0,0,0,0,0,0,0,0,0,0,0,0,0,0,0,0,0,0,0,0,0,0,0,0,0,0,0,0,0,0,0,0,0,0,0,0,0,0,0,0,0,0,0,0,0,0,0,0,0,0,0,0,0,0,0,0,0,0,0,0,0,0,0,0,0,0,0,0,0,0,0,0,0,0,0,0,0,0,0,0,0,0,0,0,0,0,0,0,0,0,0,0,0,0,0,0,0,0,0,0,0,0,0,0,0,0,0,0,0,0,0,0,0,0,0,0,0,0,0,0,0,0,0,0,0,0,0,0,0,0,0,0,0,0,0,0,0,0,0,0,0,0,0,0,0,0,0,0,0,0,0,0,0,0,0,0,0,0,0,0,0,0,0,0,0,0,0,0,0,0,0,0,0,0,0,0,0,0,0,0,0,0,0,0,0,0,0,0,0,0,0,0,0,0,0,0,0,0,0,0,0,0,0,0,0,0,0,0,0,0,0,0,0,0,0,0,0,0,0,0,0,0,0,0,0,0,0,0,0,0,0,0,0,0,0,0,0,0,0,0,0,0,0,0,0,0,0,0,0,0,0,0,0,0,0,0,0,0,0,0,0,0,0,0,0,0,0,0,0,0,0,0,0,0,0,0,0,0,0,0,0,0,0,0,0,0,0,0,0,0,0,0,0,0,0,0,0,0,0,0,0,0,0,0,0,0,0,0,0,0,0,0,0,0,0,0,0,0,0,0,0,0,0,0,0,0,0,0,0,0,0,0,0,0,0,0,0,0,0,0,0,0,0,0,0,0,0,0,0,0,0,0,0,0,0,0,0,0,0,0,0,0,0,0,0,0,0,0,0,0,0,0,0,0,0,0,0,0,0,0,0,0,0,0,0,0,0,0,0,0,0,0,0,0,0,0,0,0,0,0,0,0,0,0,0,0,0,0,0,0,0,0,0,0,0,0,0,0,0,0,0,0,0,0,0,0,0,0,0,0,0,0,0,0,0,0,0,0,0,0,0,0,0,0,0,0,0,0,0,0,0,0
0,0,0,0,0,0,0,0,0,0,0,0,0,0,0,0,0,0,0,0,0,0,0,0,0,0,0,0,0,0,0,0,0,0,0,0,0,0,0,0,0,0,0,0,0,0,0,0,0,0,0,0,0,0,0,0,0,0,0,0,0,0,0,0,0,0,0,0,0,0,0,0,0,0,0,0,0,0,0,0,0,0,0,0,0,0,0,0,0,0,0,0,0,0,0,0,0,0,0,0,0,0,0,0,0,0,0,0,0,0,0,0,0,0,0,0,0,0,0,0,0,0,0,0,0,0,0,0,0,0,0,0,0,0,0,0,0,0,0,0,0,0,0,0,0,0,0,0,0,0,0,0,0,0,0,0,0,0,0,0,0,0,0,0,0,0,0,0,0,0,0,0,0,0,0,0,0,0,0,0,0,0,0,0,0,0,0,0,0,0,0,0,0,0,0,0,0,0,0,0,0,0,0,0,0,0,0,0,0,0,0,0,0,0,0,0,0,0,0,0,0,0,0,0,0,0,0,0,0,0,0,0,0,0,0,0,0,0,0,0,0,0,0,0,0,0,0,0,0,0,0,0,0,0,0,0,0,0,0,0,0,0,0,0,0,0,0,0,0,0,0,0,0,0,0,0,0,0,0,0,0,0,0,0,0,0,0,0,0,0,0,0,0,0,0,0,0,0,0,0,0,0,0,0,0,0,0,0,0,0,0,0,0,0,0,0,0,0,0,0,0,0,0,0,0,0,0,0,0,0,0,0,0,0,0,0,0,0,0,0,0,0,0,0,0,0,0,0,0,0,0,0,0,0,0,0,0,0,0,0,0,0,0,0,0,0,0,0,0,0,0,0,0,0,0,0,0,0,0,0,0,0,0,0,0,0,0,0,0,0,0,0,0,0,0,0,0,0,0,0,0,0,0,0,0,0,0,0,0,0,0,0,0,0,0,0,0,0,0,0,0,0,0,0,0,0,0,0,0,0,0,0,0,0,0,0,0,0,0,0,0,0,0,0,0,0,0,0,0,0,0,0,0,0,0,0,0,0,0,0,0,0,0,0,0,0,0,0,0,0,0,0,0,0,0,0,0,0,0,0,0,0,0,0,0,0,0,0,0,0,0,0,0,0,0,0,0,0,0,0
0,0,0,0,0,0,0,0,0,0,0,0,0,0,0,0,0,0,0,0,0,0,0,0,0,0,0,0,0,0,0,0,0,0,0,0,0,0,0,0,0,0,0,0,0,0,0,0,0,0,0,0,0,0,0,0,0,0,0,0,0,0,0,0,0,0,0,0,0,0,0,0,0,0,0,0,0,0,0,0,0,0,0,0,0,0,0,0,0,0,0,0,0,0,0,0,0,0,0,0,0,0,0,0,0,0,0,0,0,0,0,0,0,0,0,0,0,0,0,0,0,0,0,0,0,0,0,0,0,0,0,0,0,0,0,0,0,0,0,0,0,0,0,0,0,0,0,0,0,0,0,0,0,0,0,0,0,0,0,0,0,0,0,0,0,0,0,0,0,0,0,0,0,0,0,0,0,0,0,0,0,0,0,0,0,0,0,0,0,0,0,0,0,0,0,0,0,0,0,0,0,0,0,0,0,0,0,0,0,0,0,0,0,0,0,0,0,0,0,0,0,0,0,0,0,0,0,0,0,0,0,0,0,0,0,0,0,0,0,0,0,0,0,0,0,0,0,0,0,0,0,0,0,0,0,0,0,0,0,0,0,0,0,0,0,0,0,0,0,0,0,0,0,0,0,0,0,0,0,0,0,0,0,0,0,0,0,0,0,0,0,0,0,0,0,0,0,0,0,0,0,0,0,0,0,0,0,0,0,0,0,0,0,0,0,0,0,0,0,0,0,0,0,0,0,0,0,0,0,0,0,0,0,0,0,0,0,0,0,0,0,0,0,0,0,0,0,0,0,0,0,0,0,0,0,0,0,0,0,0,0,0,0,0,0,0,0,0,0,0,0,0,0,0,0,0,0,0,0,0,0,0,0,0,0,0,0,0,0,0,0,0,0,0,0,0,0,0,0,0,0,0,0,0,0,0,0,0,0,0,0,0,0,0,0,0,0,0,0,0,0,0,0,0,0,0,0,0,0,0,0,0,0,0,0,0,0,0,0,0,0,0,0,0,0,0,0,0,0,0,0,0,0,0,0,0,0,0,0,0,0,0,0,0,0,0,0,0,0,0,0,0,0,0,0,0,0,0,0,0,0,0,0,0,0,0,0,0,0,0,0,0,0,0,0,0,0,0,0,0
0,0,0,0,0,0,0,0,0,0,0,0,0,0,0,0,0,0,0,0,0,0,0,0,0,0,0,0,0,0,0,0,0,0,0,0,0,0,0,0,0,0,0,0,0,0,0,0,0,0,0,0,0,0,0,0,0,0,0,0,0,0,0,0,0,0,0,0,0,0,0,0,0,0,0,0,0,0,0,0,0,0,0,0,0,0,0,0,0,0,0,0,0,0,0,0,0,0,0,0,0,0,0,0,0,0,0,0,0,0,0,0,0,0,0,0,0,0,0,0,0,0,0,0,0,0,0,0,0,0,0,0,0,0,0,0,0,0,0,0,0,0,0,0,0,0,0,0,0,0,0,0,0,0,0,0,0,0,0,0,0,0,0,0,0,0,0,0,0,0,0,0,0,0,0,0,0,0,0,0,0,0,0,0,0,0,0,0,0,0,0,0,0,0,0,0,0,0,0,0,0,0,0,0,0,0,0,0,0,0,0,0,0,0,0,0,0,0,0,0,0,0,0,0,0,0,0,0,0,0,0,0,0,0,0,0,0,0,0,0,0,0,0,0,0,0,0,0,0,0,0,0,0,0,0,0,0,0,0,0,0,0,0,0,0,0,0,0,0,0,0,0,0,0,0,0,0,0,0,0,0,0,0,0,0,0,0,0,0,0,0,0,0,0,0,0,0,0,0,0,0,0,0,0,0,0,0,0,0,0,0,0,0,0,0,0,0,0,0,0,0,0,0,0,0,0,0,0,0,0,0,0,0,0,0,0,0,0,0,0,0,0,0,0,0,0,0,0,0,0,0,0,0,0,0,0,0,0,0,0,0,0,0,0,0,0,0,0,0,0,0,0,0,0,0,0,0,0,0,0,0,0,0,0,0,0,0,0,0,0,0,0,0,0,0,0,0,0,0,0,0,0,0,0,0,0,0,0,0,0,0,0,0,0,0,0,0,0,0,0,0,0,0,0,0,0,0,0,0,0,0,0,0,0,0,0,0,0,0,0,0,0,0,0,0,0,0,0,0,0,0,0,0,0,0,0,0,0,0,0,0,0,0,0,0,0,0,0,0,0,0,0,0,0,0,0,0,0,0,0,0,0,0,0,0,0,0,0,0,0,0,0,0,0,0,0,0,0,0,0
0,0,0,0,0,0,0,0,0,0,0,0,0,0,0,0,0,0,0,0,0,0,0,0,0,0,0,0,0,0,0,0,0,0,0,0,0,0,0,0,0,0,0,0,0,0,0,0,0,0,0,0,0,0,0,0,0,0,0,0,0,0,0,0,0,0,0,0,0,0,0,0,0,0,0,0,0,0,0,0,0,0,0,0,0,0,0,0,0,0,0,0,0,0,0,0,0,0,0,0,0,0,0,0,0,0,0,0,0,0,0,0,0,0,0,0,0,0,0,0,0,0,0,0,0,0,0,0,0,0,0,0,0,0,0,0,0,0,0,0,0,0,0,0,0,0,0,0,0,0,0,0,0,0,0,0,0,0,0,0,0,0,0,0,0,0,0,0,0,0,0,0,0,0,0,0,0,0,0,0,0,0,0,0,0,0,0,0,0,0,0,0,0,0,0,0,0,0,0,0,0,0,0,0,0,0,0,0,0,0,0,0,0,0,0,0,0,0,0,0,0,0,0,0,0,0,0,0,0,0,0,0,0,0,0,0,0,0,0,0,0,0,0,0,0,0,0,0,0,0,0,0,0,0,0,0,0,0,0,0,0,0,0,0,0,0,0,0,0,0,0,0,0,0,0,0,0,0,0,0,0,0,0,0,0,0,0,0,0,0,0,0,0,0,0,0,0,0,0,0,0,0,0,0,0,0,0,0,0,0,0,0,0,0,0,0,0,0,0,0,0,0,0,0,0,0,0,0,0,0,0,0,0,0,0,0,0,0,0,0,0,0,0,0,0,0,0,0,0,0,0,0,0,0,0,0,0,0,0,0,0,0,0,0,0,0,0,0,0,0,0,0,0,0,0,0,0,0,0,0,0,0,0,0,0,0,0,0,0,0,0,0,0,0,0,0,0,0,0,0,0,0,0,0,0,0,0,0,0,0,0,0,0,0,0,0,0,0,0,0,0,0,0,0,0,0,0,0,0,0,0,0,0,0,0,0,0,0,0,0,0,0,0,0,0,0,0,0,0,0,0,0,0,0,0,0,0,0,0,0,0,0,0,0,0,0,0,0,0,0,0,0,0,0,0,0,0,0,0,0,0,0,0,0,0,0,0,0,0,0,0,0,0,0,0,0,0,0,0,0
0,0,0,0,0,0,0,0,0,0,0,0,0,0,0,0,0,0,0,0,0,0,0,0,0,0,0,0,0,0,0,0,0,0,0,0,0,0,0,0,0,0,0,0,0,0,0,0,0,0,0,0,0,0,0,0,0,0,0,0,0,0,0,0,0,0,0,0,0,0,0,0,0,0,0,0,0,0,0,0,0,0,0,0,0,0,0,0,0,0,0,0,0,0,0,0,0,0,0,0,0,0,0,0,0,0,0,0,0,0,0,0,0,0,0,0,0,0,0,0,0,0,0,0,0,0,0,0,0,0,0,0,0,0,0,0,0,0,0,0,0,0,0,0,0,0,0,0,0,0,0,0,0,0,0,0,0,0,0,0,0,0,0,0,0,0,0,0,0,0,0,0,0,0,0,0,0,0,0,0,0,0,0,0,0,0,0,0,0,0,0,0,0,0,0,0,0,0,0,0,0,0,0,0,0,0,0,0,0,0,0,0,0,0,0,0,0,0,0,0,0,0,0,0,0,0,0,0,0,0,0,0,0,0,0,0,0,0,0,0,0,0,0,0,0,0,0,0,0,0,0,0,0,0,0,0,0,0,0,0,0,0,0,0,0,0,0,0,0,0,0,0,0,0,0,0,0,0,0,0,0,0,0,0,0,0,0,0,0,0,0,0,0,0,0,0,0,0,0,0,0,0,0,0,0,0,0,0,0,0,0,0,0,0,0,0,0,0,0,0,0,0,0,0,0,0,0,0,0,0,0,0,0,0,0,0,0,0,0,0,0,0,0,0,0,0,0,0,0,0,0,0,0,0,0,0,0,0,0,0,0,0,0,0,0,0,0,0,0,0,0,0,0,0,0,0,0,0,0,0,0,0,0,0,0,0,0,0,0,0,0,0,0,0,0,0,0,0,0,0,0,0,0,0,0,0,0,0,0,0,0,0,0,0,0,0,0,0,0,0,0,0,0,0,0,0,0,0,0,0,0,0,0,0,0,0,0,0,0,0,0,0,0,0,0,0,0,0,0,0,0,0,0,0,0,0,0,0,0,0,0,0,0,0,0,0,0,0,0,0,0,0,0,0,0,0,0,0,0,0,0,0,0,0,0,0,0,0,0,0,0,0,0,0,0,0,0,0,0,0
0,0,0,0,0,0,0,0,0,0,0,0,0,0,0,0,0,0,0,0,0,0,0,0,0,0,0,0,0,0,0,0,0,0,0,0,0,0,0,0,0,0,0,0,0,0,0,0,0,0,0,0,0,0,0,0,0,0,0,0,0,0,0,0,0,0,0,0,0,0,0,0,0,0,0,0,0,0,0,0,0,0,0,0,0,0,0,0,0,0,0,0,0,0,0,0,0,0,0,0,0,0,0,0,0,0,0,0,0,0,0,0,0,0,0,0,0,0,0,0,0,0,0,0,0,0,0,0,0,0,0,0,0,0,0,0,0,0,0,0,0,0,0,0,0,0,0,0,0,0,0,0,0,0,0,0,0,0,0,0,0,0,0,0,0,0,0,0,0,0,0,0,0,0,0,0,0,0,0,0,0,0,0,0,0,0,0,0,0,0,0,0,0,0,0,0,0,0,0,0,0,0,0,0,0,0,0,0,0,0,0,0,0,0,0,0,0,0,0,0,0,0,0,0,0,0,0,0,0,0,0,0,0,0,0,0,0,0,0,0,0,0,0,0,0,0,0,0,0,0,0,0,0,0,0,0,0,0,0,0,0,0,0,0,0,0,0,0,0,0,0,0,0,0,0,0,0,0,0,0,0,0,0,0,0,0,0,0,0,0,0,0,0,0,0,0,0,0,0,0,0,0,0,0,0,0,0,0,0,0,0,0,0,0,0,0,0,0,0,0,0,0,0,0,0,0,0,0,0,0,0,0,0,0,0,0,0,0,0,0,0,0,0,0,0,0,0,0,0,0,0,0,0,0,0,0,0,0,0,0,0,0,0,0,0,0,0,0,0,0,0,0,0,0,0,0,0,0,0,0,0,0,0,0,0,0,0,0,0,0,0,0,0,0,0,0,0,0,0,0,0,0,0,0,0,0,0,0,0,0,0,0,0,0,0,0,0,0,0,0,0,0,0,0,0,0,0,0,0,0,0,0,0,0,0,0,0,0,0,0,0,0,0,0,0,0,0,0,0,0,0,0,0,0,0,0,0,0,0,0,0,0,0,0,0,0,0,0,0,0,0,0,0,0,0,0,0,0,0,0,0,0,0,0,0,0,0,0,0,0,0,0,0,0,0,0,0,0,0,0
0,0,0,0,0,0,0,0,0,0,0,0,0,0,0,0,0,0,0,0,0,0,0,0,0,0,0,0,0,0,0,0,0,0,0,0,0,0,0,0,0,0,0,0,0,0,0,0,0,0,0,0,0,0,0,0,0,0,0,0,0,0,0,0,0,0,0,0,0,0,0,0,0,0,0,0,0,0,0,0,0,0,0,0,0,0,0,0,0,0,0,0,0,0,0,0,0,0,0,0,0,0,0,0,0,0,0,0,0,0,0,0,0,0,0,0,0,0,0,0,0,0,0,0,0,0,0,0,0,0,0,0,0,0,0,0,0,0,0,0,0,0,0,0,0,0,0,0,0,0,0,0,0,0,0,0,0,0,0,0,0,0,0,0,0,0,0,0,0,0,0,0,0,0,0,0,0,0,0,0,0,0,0,0,0,0,0,0,0,0,0,0,0,0,0,0,0,0,0,0,0,0,0,0,0,0,0,0,0,0,0,0,0,0,0,0,0,0,0,0,0,0,0,0,0,0,0,0,0,0,0,0,0,0,0,0,0,0,0,0,0,0,0,0,0,0,0,0,0,0,0,0,0,0,0,0,0,0,0,0,0,0,0,0,0,0,0,0,0,0,0,0,0,0,0,0,0,0,0,0,0,0,0,0,0,0,0,0,0,0,0,0,0,0,0,0,0,0,0,0,0,0,0,0,0,0,0,0,0,0,0,0,0,0,0,0,0,0,0,0,0,0,0,0,0,0,0,0,0,0,0,0,0,0,0,0,0,0,0,0,0,0,0,0,0,0,0,0,0,0,0,0,0,0,0,0,0,0,0,0,0,0,0,0,0,0,0,0,0,0,0,0,0,0,0,0,0,0,0,0,0,0,0,0,0,0,0,0,0,0,0,0,0,0,0,0,0,0,0,0,0,0,0,0,0,0,0,0,0,0,0,0,0,0,0,0,0,0,0,0,0,0,0,0,0,0,0,0,0,0,0,0,0,0,0,0,0,0,0,0,0,0,0,0,0,0,0,0,0,0,0,0,0,0,0,0,0,0,0,0,0,0,0,0,0,0,0,0,0,0,0,0,0,0,0,0,0,0,0,0,0,0,0,0,0,0,0,0,0,0,0,0,0,0,0,0,0,0,0,0
0,0,0,0,0,0,0,0,0,0,0,0,0,0,0,0,0,0,0,0,0,0,0,0,0,0,0,0,0,0,0,0,0,0,0,0,0,0,0,0,0,0,0,0,0,0,0,0,0,0,0,0,0,0,0,0,0,0,0,0,0,0,0,0,0,0,0,0,0,0,0,0,0,0,0,0,0,0,0,0,0,0,0,0,0,0,0,0,0,0,0,0,0,0,0,0,0,0,0,0,0,0,0,0,0,0,0,0,0,0,0,0,0,0,0,0,0,0,0,0,0,0,0,0,0,0,0,0,0,0,0,0,0,0,0,0,0,0,0,0,0,0,0,0,0,0,0,0,0,0,0,0,0,0,0,0,0,0,0,0,0,0,0,0,0,0,0,0,0,0,0,0,0,0,0,0,0,0,0,0,0,0,0,0,0,0,0,0,0,0,0,0,0,0,0,0,0,0,0,0,0,0,0,0,0,0,0,0,0,0,0,0,0,0,0,0,0,0,0,0,0,0,0,0,0,0,0,0,0,0,0,0,0,0,0,0,0,0,0,0,0,0,0,0,0,0,0,0,0,0,0,0,0,0,0,0,0,0,0,0,0,0,0,0,0,0,0,0,0,0,0,0,0,0,0,0,0,0,0,0,0,0,0,0,0,0,0,0,0,0,0,0,0,0,0,0,0,0,0,0,0,0,0,0,0,0,0,0,0,0,0,0,0,0,0,0,0,0,0,0,0,0,0,0,0,0,0,0,0,0,0,0,0,0,0,0,0,0,0,0,0,0,0,0,0,0,0,0,0,0,0,0,0,0,0,0,0,0,0,0,0,0,0,0,0,0,0,0,0,0,0,0,0,0,0,0,0,0,0,0,0,0,0,0,0,0,0,0,0,0,0,0,0,0,0,0,0,0,0,0,0,0,0,0,0,0,0,0,0,0,0,0,0,0,0,0,0,0,0,0,0,0,0,0,0,0,0,0,0,0,0,0,0,0,0,0,0,0,0,0,0,0,0,0,0,0,0,0,0,0,0,0,0,0,0,0,0,0,0,0,0,0,0,0,0,0,0,0,0,0,0,0,0,0,0,0,0,0,0,0,0,0,0,0,0,0,0,0,0,0,0,0,0,0,0,0,0,0,0,0
0,0,0,0,0,0,0,0,0,0,0,0,0,0,0,0,0,0,0,0,0,0,0,0,0,0,0,0,0,0,0,0,0,0,0,0,0,0,0,0,0,0,0,0,0,0,0,0,0,0,0,0,0,0,0,0,0,0,0,0,0,0,0,0,0,0,0,0,0,0,0,0,0,0,0,0,0,0,0,0,0,0,0,0,0,0,0,0,0,0,0,0,0,0,0,0,0,0,0,0,0,0,0,0,0,0,0,0,0,0,0,0,0,0,0,0,0,0,0,0,0,0,0,0,0,0,0,0,0,0,0,0,0,0,0,0,0,0,0,0,0,0,0,0,0,0,0,0,0,0,0,0,0,0,0,0,0,0,0,0,0,0,0,0,0,0,0,0,0,0,0,0,0,0,0,0,0,0,0,0,0,0,0,0,0,0,0,0,0,0,0,0,0,0,0,0,0,0,0,0,0,0,0,0,0,0,0,0,0,0,0,0,0,0,0,0,0,0,0,0,0,0,0,0,0,0,0,0,0,0,0,0,0,0,0,0,0,0,0,0,0,0,0,0,0,0,0,0,0,0,0,0,0,0,0,0,0,0,0,0,0,0,0,0,0,0,0,0,0,0,0,0,0,0,0,0,0,0,0,0,0,0,0,0,0,0,0,0,0,0,0,0,0,0,0,0,0,0,0,0,0,0,0,0,0,0,0,0,0,0,0,0,0,0,0,0,0,0,0,0,0,0,0,0,0,0,0,0,0,0,0,0,0,0,0,0,0,0,0,0,0,0,0,0,0,0,0,0,0,0,0,0,0,0,0,0,0,0,0,0,0,0,0,0,0,0,0,0,0,0,0,0,0,0,0,0,0,0,0,0,0,0,0,0,0,0,0,0,0,0,0,0,0,0,0,0,0,0,0,0,0,0,0,0,0,0,0,0,0,0,0,0,0,0,0,0,0,0,0,0,0,0,0,0,0,0,0,0,0,0,0,0,0,0,0,0,0,0,0,0,0,0,0,0,0,0,0,0,0,0,0,0,0,0,0,0,0,0,0,0,0,0,0,0,0,0,0,0,0,0,0,0,0,0,0,0,0,0,0,0,0,0,0,0,0,0,0,0,0,0,0,0,0,0,0,0,0,0,0,0
0,0,0,0,0,0,0,0,0,0,0,0,0,0,0,0,0,0,0,0,0,0,0,0,0,0,0,0,0,0,0,0,0,0,0,0,0,0,0,0,0,0,0,0,0,0,0,0,0,0,0,0,0,0,0,0,0,0,0,0,0,0,0,0,0,0,0,0,0,0,0,0,0,0,0,0,0,0,0,0,0,0,0,0,0,0,0,0,0,0,0,0,0,0,0,0,0,0,0,0,0,0,0,0,0,0,0,0,0,0,0,0,0,0,0,0,0,0,0,0,0,0,0,0,0,0,0,0,0,0,0,0,0,0,0,0,0,0,0,0,0,0,0,0,0,0,0,0,0,0,0,0,0,0,0,0,0,0,0,0,0,0,0,0,0,0,0,0,0,0,0,0,0,0,0,0,0,0,0,0,0,0,0,0,0,0,0,0,0,0,0,0,0,0,0,0,0,0,0,0,0,0,0,0,0,0,0,0,0,0,0,0,0,0,0,0,0,0,0,0,0,0,0,0,0,0,0,0,0,0,0,0,0,0,0,0,0,0,0,0,0,0,0,0,0,0,0,0,0,0,0,0,0,0,0,0,0,0,0,0,0,0,0,0,0,0,0,0,0,0,0,0,0,0,0,0,0,0,0,0,0,0,0,0,0,0,0,0,0,0,0,0,0,0,0,0,0,0,0,0,0,0,0,0,0,0,0,0,0,0,0,0,0,0,0,0,0,0,0,0,0,0,0,0,0,0,0,0,0,0,0,0,0,0,0,0,0,0,0,0,0,0,0,0,0,0,0,0,0,0,0,0,0,0,0,0,0,0,0,0,0,0,0,0,0,0,0,0,0,0,0,0,0,0,0,0,0,0,0,0,0,0,0,0,0,0,0,0,0,0,0,0,0,0,0,0,0,0,0,0,0,0,0,0,0,0,0,0,0,0,0,0,0,0,0,0,0,0,0,0,0,0,0,0,0,0,0,0,0,0,0,0,0,0,0,0,0,0,0,0,0,0,0,0,0,0,0,0,0,0,0,0,0,0,0,0,0,0,0,0,0,0,0,0,0,0,0,0,0,0,0,0,0,0,0,0,0,0,0,0,0,0,0,0,0,0,0,0,0,0,0,0,0,0,0,0,0,0,0,0
0,0,0,0,0,0,0,0,0,0,0,0,0,0,0,0,0,0,0,0,0,0,0,0,0,0,0,0,0,0,0,0,0,0,0,0,0,0,0,0,0,0,0,0,0,0,0,0,0,0,0,0,0,0,0,0,0,0,0,0,0,0,0,0,0,0,0,0,0,0,0,0,0,0,0,0,0,0,0,0,0,0,0,0,0,0,0,0,0,0,0,0,0,0,0,0,0,0,0,0,0,0,0,0,0,0,0,0,0,0,0,0,0,0,0,0,0,0,0,0,0,0,0,0,0,0,0,0,0,0,0,0,0,0,0,0,0,0,0,0,0,0,0,0,0,0,0,0,0,0,0,0,0,0,0,0,0,0,0,0,0,0,0,0,0,0,0,0,0,0,0,0,0,0,0,0,0,0,0,0,0,0,0,0,0,0,0,0,0,0,0,0,0,0,0,0,0,0,0,0,0,0,0,0,0,0,0,0,0,0,0,0,0,0,0,0,0,0,0,0,0,0,0,0,0,0,0,0,0,0,0,0,0,0,0,0,0,0,0,0,0,0,0,0,0,0,0,0,0,0,0,0,0,0,0,0,0,0,0,0,0,0,0,0,0,0,0,0,0,0,0,0,0,0,0,0,0,0,0,0,0,0,0,0,0,0,0,0,0,0,0,0,0,0,0,0,0,0,0,0,0,0,0,0,0,0,0,0,0,0,0,0,0,0,0,0,0,0,0,0,0,0,0,0,0,0,0,0,0,0,0,0,0,0,0,0,0,0,0,0,0,0,0,0,0,0,0,0,0,0,0,0,0,0,0,0,0,0,0,0,0,0,0,0,0,0,0,0,0,0,0,0,0,0,0,0,0,0,0,0,0,0,0,0,0,0,0,0,0,0,0,0,0,0,0,0,0,0,0,0,0,0,0,0,0,0,0,0,0,0,0,0,0,0,0,0,0,0,0,0,0,0,0,0,0,0,0,0,0,0,0,0,0,0,0,0,0,0,0,0,0,0,0,0,0,0,0,0,0,0,0,0,0,0,0,0,0,0,0,0,0,0,0,0,0,0,0,0,0,0,0,0,0,0,0,0,0,0,0,0,0,0,0,0,0,0,0,0,0,0,0,0,0,0,0,0,0,0,0,0
0,0,0,0,0,0,0,0,0,0,0,0,0,0,0,0,0,0,0,0,0,0,0,0,0,0,0,0,0,0,0,0,0,0,0,0,0,0,0,0,0,0,0,0,0,0,0,0,0,0,0,0,0,0,0,0,0,0,0,0,0,0,0,0,0,0,0,0,0,0,0,0,0,0,0,0,0,0,0,0,0,0,0,0,0,0,0,0,0,0,0,0,0,0,0,0,0,0,0,0,0,0,0,0,0,0,0,0,0,0,0,0,0,0,0,0,0,0,0,0,0,0,0,0,0,0,0,0,0,0,0,0,0,0,0,0,0,0,0,0,0,0,0,0,0,0,0,0,0,0,0,0,0,0,0,0,0,0,0,0,0,0,0,0,0,0,0,0,0,0,0,0,0,0,0,0,0,0,0,0,0,0,0,0,0,0,0,0,0,0,0,0,0,0,0,0,0,0,0,0,0,0,0,0,0,0,0,0,0,0,0,0,0,0,0,0,0,0,0,0,0,0,0,0,0,0,0,0,0,0,0,0,0,0,0,0,0,0,0,0,0,0,0,0,0,0,0,0,0,0,0,0,0,0,0,0,0,0,0,0,0,0,0,0,0,0,0,0,0,0,0,0,0,0,0,0,0,0,0,0,0,0,0,0,0,0,0,0,0,0,0,0,0,0,0,0,0,0,0,0,0,0,0,0,0,0,0,0,0,0,0,0,0,0,0,0,0,0,0,0,0,0,0,0,0,0,0,0,0,0,0,0,0,0,0,0,0,0,0,0,0,0,0,0,0,0,0,0,0,0,0,0,0,0,0,0,0,0,0,0,0,0,0,0,0,0,0,0,0,0,0,0,0,0,0,0,0,0,0,0,0,0,0,0,0,0,0,0,0,0,0,0,0,0,0,0,0,0,0,0,0,0,0,0,0,0,0,0,0,0,0,0,0,0,0,0,0,0,0,0,0,0,0,0,0,0,0,0,0,0,0,0,0,0,0,0,0,0,0,0,0,0,0,0,0,0,0,0,0,0,0,0,0,0,0,0,0,0,0,0,0,0,0,0,0,0,0,0,0,0,0,0,0,0,0,0,0,0,0,0,0,0,0,0,0,0,0,0,0,0,0,0,0,0,0,0,0,0,0,0
0,0,0,0,0,0,0,0,0,0,0,0,0,0,0,0,0,0,0,0,0,0,0,0,0,0,0,0,0,0,0,0,0,0,0,0,0,0,0,0,0,0,0,0,0,0,0,0,0,0,0,0,0,0,0,0,0,0,0,0,0,0,0,0,0,0,0,0,0,0,0,0,0,0,0,0,0,0,0,0,0,0,0,0,0,0,0,0,0,0,0,0,0,0,0,0,0,0,0,0,0,0,0,0,0,0,0,0,0,0,0,0,0,0,0,0,0,0,0,0,0,0,0,0,0,0,0,0,0,0,0,0,0,0,0,0,0,0,0,0,0,0,0,0,0,0,0,0,0,0,0,0,0,0,0,0,0,0,0,0,0,0,0,0,0,0,0,0,0,0,0,0,0,0,0,0,0,0,0,0,0,0,0,0,0,0,0,0,0,0,0,0,0,0,0,0,0,0,0,0,0,0,0,0,0,0,0,0,0,0,0,0,0,0,0,0,0,0,0,0,0,0,0,0,0,0,0,0,0,0,0,0,0,0,0,0,0,0,0,0,0,0,0,0,0,0,0,0,0,0,0,0,0,0,0,0,0,0,0,0,0,0,0,0,0,0,0,0,0,0,0,0,0,0,0,0,0,0,0,0,0,0,0,0,0,0,0,0,0,0,0,0,0,0,0,0,0,0,0,0,0,0,0,0,0,0,0,0,0,0,0,0,0,0,0,0,0,0,0,0,0,0,0,0,0,0,0,0,0,0,0,0,0,0,0,0,0,0,0,0,0,0,0,0,0,0,0,0,0,0,0,0,0,0,0,0,0,0,0,0,0,0,0,0,0,0,0,0,0,0,0,0,0,0,0,0,0,0,0,0,0,0,0,0,0,0,0,0,0,0,0,0,0,0,0,0,0,0,0,0,0,0,0,0,0,0,0,0,0,0,0,0,0,0,0,0,0,0,0,0,0,0,0,0,0,0,0,0,0,0,0,0,0,0,0,0,0,0,0,0,0,0,0,0,0,0,0,0,0,0,0,0,0,0,0,0,0,0,0,0,0,0,0,0,0,0,0,0,0,0,0,0,0,0,0,0,0,0,0,0,0,0,0,0,0,0,0,0,0,0,0,0,0,0,0,0,0,0,0,0
0,0,0,0,0,0,0,0,0,0,0,0,0,0,0,0,0,0,0,0,0,0,0,0,0,0,0,0,0,0,0,0,0,0,0,0,0,0,0,0,0,0,0,0,0,0,0,0,0,0,0,0,0,0,0,0,0,0,0,0,0,0,0,0,0,0,0,0,0,0,0,0,0,0,0,0,0,0,0,0,0,0,0,0,0,0,0,0,0,0,0,0,0,0,0,0,0,0,0,0,0,0,0,0,0,0,0,0,0,0,0,0,0,0,0,0,0,0,0,0,0,0,0,0,0,0,0,0,0,0,0,0,0,0,0,0,0,0,0,0,0,0,0,0,0,0,0,0,0,0,0,0,0,0,0,0,0,0,0,0,0,0,0,0,0,0,0,0,0,0,0,0,0,0,0,0,0,0,0,0,0,0,0,0,0,0,0,0,0,0,0,0,0,0,0,0,0,0,0,0,0,0,0,0,0,0,0,0,0,0,0,0,0,0,0,0,0,0,0,0,0,0,0,0,0,0,0,0,0,0,0,0,0,0,0,0,0,0,0,0,0,0,0,0,0,0,0,0,0,0,0,0,0,0,0,0,0,0,0,0,0,0,0,0,0,0,0,0,0,0,0,0,0,0,0,0,0,0,0,0,0,0,0,0,0,0,0,0,0,0,0,0,0,0,0,0,0,0,0,0,0,0,0,0,0,0,0,0,0,0,0,0,0,0,0,0,0,0,0,0,0,0,0,0,0,0,0,0,0,0,0,0,0,0,0,0,0,0,0,0,0,0,0,0,0,0,0,0,0,0,0,0,0,0,0,0,0,0,0,0,0,0,0,0,0,0,0,0,0,0,0,0,0,0,0,0,0,0,0,0,0,0,0,0,0,0,0,0,0,0,0,0,0,0,0,0,0,0,0,0,0,0,0,0,0,0,0,0,0,0,0,0,0,0,0,0,0,0,0,0,0,0,0,0,0,0,0,0,0,0,0,0,0,0,0,0,0,0,0,0,0,0,0,0,0,0,0,0,0,0,0,0,0,0,0,0,0,0,0,0,0,0,0,0,0,0,0,0,0,0,0,0,0,0,0,0,0,0,0,0,0,0,0,0,0,0,0,0,0,0,0,0,0,0,0,0,0,0,0,0
0,0,0,0,0,0,0,0,0,0,0,0,0,0,0,0,0,0,0,0,0,0,0,0,0,0,0,0,0,0,0,0,0,0,0,0,0,0,0,0,0,0,0,0,0,0,0,0,0,0,0,0,0,0,0,0,0,0,0,0,0,0,0,0,0,0,0,0,0,0,0,0,0,0,0,0,0,0,0,0,0,0,0,0,0,0,0,0,0,0,0,0,0,0,0,0,0,0,0,0,0,0,0,0,0,0,0,0,0,0,0,0,0,0,0,0,0,0,0,0,0,0,0,0,0,0,0,0,0,0,0,0,0,0,0,0,0,0,0,0,0,0,0,0,0,0,0,0,0,0,0,0,0,0,0,0,0,0,0,0,0,0,0,0,0,0,0,0,0,0,0,0,0,0,0,0,0,0,0,0,0,0,0,0,0,0,0,0,0,0,0,0,0,0,0,0,0,0,0,0,0,0,0,0,0,0,0,0,0,0,0,0,0,0,0,0,0,0,0,0,0,0,0,0,0,0,0,0,0,0,0,0,0,0,0,0,0,0,0,0,0,0,0,0,0,0,0,0,0,0,0,0,0,0,0,0,0,0,0,0,0,0,0,0,0,0,0,0,0,0,0,0,0,0,0,0,0,0,0,0,0,0,0,0,0,0,0,0,0,0,0,0,0,0,0,0,0,0,0,0,0,0,0,0,0,0,0,0,0,0,0,0,0,0,0,0,0,0,0,0,0,0,0,0,0,0,0,0,0,0,0,0,0,0,0,0,0,0,0,0,0,0,0,0,0,0,0,0,0,0,0,0,0,0,0,0,0,0,0,0,0,0,0,0,0,0,0,0,0,0,0,0,0,0,0,0,0,0,0,0,0,0,0,0,0,0,0,0,0,0,0,0,0,0,0,0,0,0,0,0,0,0,0,0,0,0,0,0,0,0,0,0,0,0,0,0,0,0,0,0,0,0,0,0,0,0,0,0,0,0,0,0,0,0,0,0,0,0,0,0,0,0,0,0,0,0,0,0,0,0,0,0,0,0,0,0,0,0,0,0,0,0,0,0,0,0,0,0,0,0,0,0,0,0,0,0,0,0,0,0,0,0,0,0,0,0,0,0,0,0,0,0,0,0,0,0,0,0,0,0
0,0,0,0,0,0,0,0,0,0,0,0,0,0,0,0,0,0,0,0,0,0,0,0,0,0,0,0,0,0,0,0,0,0,0,0,0,0,0,0,0,0,0,0,0,0,0,0,0,0,0,0,0,0,0,0,0,0,0,0,0,0,0,0,0,0,0,0,0,0,0,0,0,0,0,0,0,0,0,0,0,0,0,0,0,0,0,0,0,0,0,0,0,0,0,0,0,0,0,0,0,0,0,0,0,0,0,0,0,0,0,0,0,0,0,0,0,0,0,0,0,0,0,0,0,0,0,0,0,0,0,0,0,0,0,0,0,0,0,0,0,0,0,0,0,0,0,0,0,0,0,0,0,0,0,0,0,0,0,0,0,0,0,0,0,0,0,0,0,0,0,0,0,0,0,0,0,0,0,0,0,0,0,0,0,0,0,0,0,0,0,0,0,0,0,0,0,0,0,0,0,0,0,0,0,0,0,0,0,0,0,0,0,0,0,0,0,0,0,0,0,0,0,0,0,0,0,0,0,0,0,0,0,0,0,0,0,0,0,0,0,0,0,0,0,0,0,0,0,0,0,0,0,0,0,0,0,0,0,0,0,0,0,0,0,0,0,0,0,0,0,0,0,0,0,0,0,0,0,0,0,0,0,0,0,0,0,0,0,0,0,0,0,0,0,0,0,0,0,0,0,0,0,0,0,0,0,0,0,0,0,0,0,0,0,0,0,0,0,0,0,0,0,0,0,0,0,0,0,0,0,0,0,0,0,0,0,0,0,0,0,0,0,0,0,0,0,0,0,0,0,0,0,0,0,0,0,0,0,0,0,0,0,0,0,0,0,0,0,0,0,0,0,0,0,0,0,0,0,0,0,0,0,0,0,0,0,0,0,0,0,0,0,0,0,0,0,0,0,0,0,0,0,0,0,0,0,0,0,0,0,0,0,0,0,0,0,0,0,0,0,0,0,0,0,0,0,0,0,0,0,0,0,0,0,0,0,0,0,0,0,0,0,0,0,0,0,0,0,0,0,0,0,0,0,0,0,0,0,0,0,0,0,0,0,0,0,0,0,0,0,0,0,0,0,0,0,0,0,0,0,0,0,0,0,0,0,0,0,0,0,0,0,0,0,0,0,0,0,0
0,0,0,0,0,0,0,0,0,0,0,0,0,0,0,0,0,0,0,0,0,0,0,0,0,0,0,0,0,0,0,0,0,0,0,0,0,0,0,0,0,0,0,0,0,0,0,0,0,0,0,0,0,0,0,0,0,0,0,0,0,0,0,0,0,0,0,0,0,0,0,0,0,0,0,0,0,0,0,0,0,0,0,0,0,0,0,0,0,0,0,0,0,0,0,0,0,0,0,0,0,0,0,0,0,0,0,0,0,0,0,0,0,0,0,0,0,0,0,0,0,0,0,0,0,0,0,0,0,0,0,0,0,0,0,0,0,0,0,0,0,0,0,0,0,0,0,0,0,0,0,0,0,0,0,0,0,0,0,0,0,0,0,0,0,0,0,0,0,0,0,0,0,0,0,0,0,0,0,0,0,0,0,0,0,0,0,0,0,0,0,0,0,0,0,0,0,0,0,0,0,0,0,0,0,0,0,0,0,0,0,0,0,0,0,0,0,0,0,0,0,0,0,0,0,0,0,0,0,0,0,0,0,0,0,0,0,0,0,0,0,0,0,0,0,0,0,0,0,0,0,0,0,0,0,0,0,0,0,0,0,0,0,0,0,0,0,0,0,0,0,0,0,0,0,0,0,0,0,0,0,0,0,0,0,0,0,0,0,0,0,0,0,0,0,0,0,0,0,0,0,0,0,0,0,0,0,0,0,0,0,0,0,0,0,0,0,0,0,0,0,0,0,0,0,0,0,0,0,0,0,0,0,0,0,0,0,0,0,0,0,0,0,0,0,0,0,0,0,0,0,0,0,0,0,0,0,0,0,0,0,0,0,0,0,0,0,0,0,0,0,0,0,0,0,0,0,0,0,0,0,0,0,0,0,0,0,0,0,0,0,0,0,0,0,0,0,0,0,0,0,0,0,0,0,0,0,0,0,0,0,0,0,0,0,0,0,0,0,0,0,0,0,0,0,0,0,0,0,0,0,0,0,0,0,0,0,0,0,0,0,0,0,0,0,0,0,0,0,0,0,0,0,0,0,0,0,0,0,0,0,0,0,0,0,0,0,0,0,0,0,0,0,0,0,0,0,0,0,0,0,0,0,0,0,0,0,0,0,0,0,0,0,0,0,0,0,0,0,0
0,0,0,0,0,0,0,0,0,0,0,0,0,0,0,0,0,0,0,0,0,0,0,0,0,0,0,0,0,0,0,0,0,0,0,0,0,0,0,0,0,0,0,0,0,0,0,0,0,0,0,0,0,0,0,0,0,0,0,0,0,0,0,0,0,0,0,0,0,0,0,0,0,0,0,0,0,0,0,0,0,0,0,0,0,0,0,0,0,0,0,0,0,0,0,0,0,0,0,0,0,0,0,0,0,0,0,0,0,0,0,0,0,0,0,0,0,0,0,0,0,0,0,0,0,0,0,0,0,0,0,0,0,0,0,0,0,0,0,0,0,0,0,0,0,0,0,0,0,0,0,0,0,0,0,0,0,0,0,0,0,0,0,0,0,0,0,0,0,0,0,0,0,0,0,0,0,0,0,0,0,0,0,0,0,0,0,0,0,0,0,0,0,0,0,0,0,0,0,0,0,0,0,0,0,0,0,0,0,0,0,0,0,0,0,0,0,0,0,0,0,0,0,0,0,0,0,0,0,0,0,0,0,0,0,0,0,0,0,0,0,0,0,0,0,0,0,0,0,0,0,0,0,0,0,0,0,0,0,0,0,0,0,0,0,0,0,0,0,0,0,0,0,0,0,0,0,0,0,0,0,0,0,0,0,0,0,0,0,0,0,0,0,0,0,0,0,0,0,0,0,0,0,0,0,0,0,0,0,0,0,0,0,0,0,0,0,0,0,0,0,0,0,0,0,0,0,0,0,0,0,0,0,0,0,0,0,0,0,0,0,0,0,0,0,0,0,0,0,0,0,0,0,0,0,0,0,0,0,0,0,0,0,0,0,0,0,0,0,0,0,0,0,0,0,0,0,0,0,0,0,0,0,0,0,0,0,0,0,0,0,0,0,0,0,0,0,0,0,0,0,0,0,0,0,0,0,0,0,0,0,0,0,0,0,0,0,0,0,0,0,0,0,0,0,0,0,0,0,0,0,0,0,0,0,0,0,0,0,0,0,0,0,0,0,0,0,0,0,0,0,0,0,0,0,0,0,0,0,0,0,0,0,0,0,0,0,0,0,0,0,0,0,0,0,0,0,0,0,0,0,0,0,0,0,0,0,0,0,0,0,0,0,0,0,0,0,0,0,0
0,0,0,0,0,0,0,0,0,0,0,0,0,0,0,0,0,0,0,0,0,0,0,0,0,0,0,0,0,0,0,0,0,0,0,0,0,0,0,0,0,0,0,0,0,0,0,0,0,0,0,0,0,0,0,0,0,0,0,0,0,0,0,0,0,0,0,0,0,0,0,0,0,0,0,0,0,0,0,0,0,0,0,0,0,0,0,0,0,0,0,0,0,0,0,0,0,0,0,0,0,0,0,0,0,0,0,0,0,0,0,0,0,0,0,0,0,0,0,0,0,0,0,0,0,0,0,0,0,0,0,0,0,0,0,0,0,0,0,0,0,0,0,0,0,0,0,0,0,0,0,0,0,0,0,0,0,0,0,0,0,0,0,0,0,0,0,0,0,0,0,0,0,0,0,0,0,0,0,0,0,0,0,0,0,0,0,0,0,0,0,0,0,0,0,0,0,0,0,0,0,0,0,0,0,0,0,0,0,0,0,0,0,0,0,0,0,0,0,0,0,0,0,0,0,0,0,0,0,0,0,0,0,0,0,0,0,0,0,0,0,0,0,0,0,0,0,0,0,0,0,0,0,0,0,0,0,0,0,0,0,0,0,0,0,0,0,0,0,0,0,0,0,0,0,0,0,0,0,0,0,0,0,0,0,0,0,0,0,0,0,0,0,0,0,0,0,0,0,0,0,0,0,0,0,0,0,0,0,0,0,0,0,0,0,0,0,0,0,0,0,0,0,0,0,0,0,0,0,0,0,0,0,0,0,0,0,0,0,0,0,0,0,0,0,0,0,0,0,0,0,0,0,0,0,0,0,0,0,0,0,0,0,0,0,0,0,0,0,0,0,0,0,0,0,0,0,0,0,0,0,0,0,0,0,0,0,0,0,0,0,0,0,0,0,0,0,0,0,0,0,0,0,0,0,0,0,0,0,0,0,0,0,0,0,0,0,0,0,0,0,0,0,0,0,0,0,0,0,0,0,0,0,0,0,0,0,0,0,0,0,0,0,0,0,0,0,0,0,0,0,0,0,0,0,0,0,0,0,0,0,0,0,0,0,0,0,0,0,0,0,0,0,0,0,0,0,0,0,0,0,0,0,0,0,0,0,0,0,0,0,0,0,0,0,0,0,0,0,0
0,0,0,0,0,0,0,0,0,0,0,0,0,0,0,0,0,0,0,0,0,0,0,0,0,0,0,0,0,0,0,0,0,0,0,0,0,0,0,0,0,0,0,0,0,0,0,0,0,0,0,0,0,0,0,0,0,0,0,0,0,0,0,0,0,0,0,0,0,0,0,0,0,0,0,0,0,0,0,0,0,0,0,0,0,0,0,0,0,0,0,0,0,0,0,0,0,0,0,0,0,0,0,0,0,0,0,0,0,0,0,0,0,0,0,0,0,0,0,0,0,0,0,0,0,0,0,0,0,0,0,0,0,0,0,0,0,0,0,0,0,0,0,0,0,0,0,0,0,0,0,0,0,0,0,0,0,0,0,0,0,0,0,0,0,0,0,0,0,0,0,0,0,0,0,0,0,0,0,0,0,0,0,0,0,0,0,0,0,0,0,0,0,0,0,0,0,0,0,0,0,0,0,0,0,0,0,0,0,0,0,0,0,0,0,0,0,0,0,0,0,0,0,0,0,0,0,0,0,0,0,0,0,0,0,0,0,0,0,0,0,0,0,0,0,0,0,0,0,0,0,0,0,0,0,0,0,0,0,0,0,0,0,0,0,0,0,0,0,0,0,0,0,0,0,0,0,0,0,0,0,0,0,0,0,0,0,0,0,0,0,0,0,0,0,0,0,0,0,0,0,0,0,0,0,0,0,0,0,0,0,0,0,0,0,0,0,0,0,0,0,0,0,0,0,0,0,0,0,0,0,0,0,0,0,0,0,0,0,0,0,0,0,0,0,0,0,0,0,0,0,0,0,0,0,0,0,0,0,0,0,0,0,0,0,0,0,0,0,0,0,0,0,0,0,0,0,0,0,0,0,0,0,0,0,0,0,0,0,0,0,0,0,0,0,0,0,0,0,0,0,0,0,0,0,0,0,0,0,0,0,0,0,0,0,0,0,0,0,0,0,0,0,0,0,0,0,0,0,0,0,0,0,0,0,0,0,0,0,0,0,0,0,0,0,0,0,0,0,0,0,0,0,0,0,0,0,0,0,0,0,0,0,0,0,0,0,0,0,0,0,0,0,0,0,0,0,0,0,0,0,0,0,0,0,0,0,0,0,0,0,0,0,0,0,0,0,0,0,0
0,0,0,0,0,0,0,0,0,0,0,0,0,0,0,0,0,0,0,0,0,0,0,0,0,0,0,0,0,0,0,0,0,0,0,0,0,0,0,0,0,0,0,0,0,0,0,0,0,0,0,0,0,0,0,0,0,0,0,0,0,0,0,0,0,0,0,0,0,0,0,0,0,0,0,0,0,0,0,0,0,0,0,0,0,0,0,0,0,0,0,0,0,0,0,0,0,0,0,0,0,0,0,0,0,0,0,0,0,0,0,0,0,0,0,0,0,0,0,0,0,0,0,0,0,0,0,0,0,0,0,0,0,0,0,0,0,0,0,0,0,0,0,0,0,0,0,0,0,0,0,0,0,0,0,0,0,0,0,0,0,0,0,0,0,0,0,0,0,0,0,0,0,0,0,0,0,0,0,0,0,0,0,0,0,0,0,0,0,0,0,0,0,0,0,0,0,0,0,0,0,0,0,0,0,0,0,0,0,0,0,0,0,0,0,0,0,0,0,0,0,0,0,0,0,0,0,0,0,0,0,0,0,0,0,0,0,0,0,0,0,0,0,0,0,0,0,0,0,0,0,0,0,0,0,0,0,0,0,0,0,0,0,0,0,0,0,0,0,0,0,0,0,0,0,0,0,0,0,0,0,0,0,0,0,0,0,0,0,0,0,0,0,0,0,0,0,0,0,0,0,0,0,0,0,0,0,0,0,0,0,0,0,0,0,0,0,0,0,0,0,0,0,0,0,0,0,0,0,0,0,0,0,0,0,0,0,0,0,0,0,0,0,0,0,0,0,0,0,0,0,0,0,0,0,0,0,0,0,0,0,0,0,0,0,0,0,0,0,0,0,0,0,0,0,0,0,0,0,0,0,0,0,0,0,0,0,0,0,0,0,0,0,0,0,0,0,0,0,0,0,0,0,0,0,0,0,0,0,0,0,0,0,0,0,0,0,0,0,0,0,0,0,0,0,0,0,0,0,0,0,0,0,0,0,0,0,0,0,0,0,0,0,0,0,0,0,0,0,0,0,0,0,0,0,0,0,0,0,0,0,0,0,0,0,0,0,0,0,0,0,0,0,0,0,0,0,0,0,0,0,0,0,0,0,0,0,0,0,0,0,0,0,0,0,0,0,0,0,0
0,0,0,0,0,0,0,0,0,0,0,0,0,0,0,0,0,0,0,0,0,0,0,0,0,0,0,0,0,0,0,0,0,0,0,0,0,0,0,0,0,0,0,0,0,0,0,0,0,0,0,0,0,0,0,0,0,0,0,0,0,0,0,0,0,0,0,0,0,0,0,0,0,0,0,0,0,0,0,0,0,0,0,0,0,0,0,0,0,0,0,0,0,0,0,0,0,0,0,0,0,0,0,0,0,0,0,0,0,0,0,0,0,0,0,0,0,0,0,0,0,0,0,0,0,0,0,0,0,0,0,0,0,0,0,0,0,0,0,0,0,0,0,0,0,0,0,0,0,0,0,0,0,0,0,0,0,0,0,0,0,0,0,0,0,0,0,0,0,0,0,0,0,0,0,0,0,0,0,0,0,0,0,0,0,0,0,0,0,0,0,0,0,0,0,0,0,0,0,0,0,0,0,0,0,0,0,0,0,0,0,0,0,0,0,0,0,0,0,0,0,0,0,0,0,0,0,0,0,0,0,0,0,0,0,0,0,0,0,0,0,0,0,0,0,0,0,0,0,0,0,0,0,0,0,0,0,0,0,0,0,0,0,0,0,0,0,0,0,0,0,0,0,0,0,0,0,0,0,0,0,0,0,0,0,0,0,0,0,0,0,0,0,0,0,0,0,0,0,0,0,0,0,0,0,0,0,0,0,0,0,0,0,0,0,0,0,0,0,0,0,0,0,0,0,0,0,0,0,0,0,0,0,0,0,0,0,0,0,0,0,0,0,0,0,0,0,0,0,0,0,0,0,0,0,0,0,0,0,0,0,0,0,0,0,0,0,0,0,0,0,0,0,0,0,0,0,0,0,0,0,0,0,0,0,0,0,0,0,0,0,0,0,0,0,0,0,0,0,0,0,0,0,0,0,0,0,0,0,0,0,0,0,0,0,0,0,0,0,0,0,0,0,0,0,0,0,0,0,0,0,0,0,0,0,0,0,0,0,0,0,0,0,0,0,0,0,0,0,0,0,0,0,0,0,0,0,0,0,0,0,0,0,0,0,0,0,0,0,0,0,0,0,0,0,0,0,0,0,0,0,0,0,0,0,0,0,0,0,0,0,0,0,0,0,0,0,0,0,0
0,0,0,0,0,0,0,0,0,0,0,0,0,0,0,0,0,0,0,0,0,0,0,0,0,0,0,0,0,0,0,0,0,0,0,0,0,0,0,0,0,0,0,0,0,0,0,0,0,0,0,0,0,0,0,0,0,0,0,0,0,0,0,0,0,0,0,0,0,0,0,0,0,0,0,0,0,0,0,0,0,0,0,0,0,0,0,0,0,0,0,0,0,0,0,0,0,0,0,0,0,0,0,0,0,0,0,0,0,0,0,0,0,0,0,0,0,0,0,0,0,0,0,0,0,0,0,0,0,0,0,0,0,0,0,0,0,0,0,0,0,0,0,0,0,0,0,0,0,0,0,0,0,0,0,0,0,0,0,0,0,0,0,0,0,0,0,0,0,0,0,0,0,0,0,0,0,0,0,0,0,0,0,0,0,0,0,0,0,0,0,0,0,0,0,0,0,0,0,0,0,0,0,0,0,0,0,0,0,0,0,0,0,0,0,0,0,0,0,0,0,0,0,0,0,0,0,0,0,0,0,0,0,0,0,0,0,0,0,0,0,0,0,0,0,0,0,0,0,0,0,0,0,0,0,0,0,0,0,0,0,0,0,0,0,0,0,0,0,0,0,0,0,0,0,0,0,0,0,0,0,0,0,0,0,0,0,0,0,0,0,0,0,0,0,0,0,0,0,0,0,0,0,0,0,0,0,0,0,0,0,0,0,0,0,0,0,0,0,0,0,0,0,0,0,0,0,0,0,0,0,0,0,0,0,0,0,0,0,0,0,0,0,0,0,0,0,0,0,0,0,0,0,0,0,0,0,0,0,0,0,0,0,0,0,0,0,0,0,0,0,0,0,0,0,0,0,0,0,0,0,0,0,0,0,0,0,0,0,0,0,0,0,0,0,0,0,0,0,0,0,0,0,0,0,0,0,0,0,0,0,0,0,0,0,0,0,0,0,0,0,0,0,0,0,0,0,0,0,0,0,0,0,0,0,0,0,0,0,0,0,0,0,0,0,0,0,0,0,0,0,0,0,0,0,0,0,0,0,0,0,0,0,0,0,0,0,0,0,0,0,0,0,0,0,0,0,0,0,0,0,0,0,0,0,0,0,0,0,0,0,0,0,0,0,0,0,0,0,0
0,0,0,0,0,0,0,0,0,0,0,0,0,0,0,0,0,0,0,0,0,0,0,0,0,0,0,0,0,0,0,0,0,0,0,0,0,0,0,0,0,0,0,0,0,0,0,0,0,0,0,0,0,0,0,0,0,0,0,0,0,0,0,0,0,0,0,0,0,0,0,0,0,0,0,0,0,0,0,0,0,0,0,0,0,0,0,0,0,0,0,0,0,0,0,0,0,0,0,0,0,0,0,0,0,0,0,0,0,0,0,0,0,0,0,0,0,0,0,0,0,0,0,0,0,0,0,0,0,0,0,0,0,0,0,0,0,0,0,0,0,0,0,0,0,0,0,0,0,0,0,0,0,0,0,0,0,0,0,0,0,0,0,0,0,0,0,0,0,0,0,0,0,0,0,0,0,0,0,0,0,0,0,0,0,0,0,0,0,0,0,0,0,0,0,0,0,0,0,0,0,0,0,0,0,0,0,0,0,0,0,0,0,0,0,0,0,0,0,0,0,0,0,0,0,0,0,0,0,0,0,0,0,0,0,0,0,0,0,0,0,0,0,0,0,0,0,0,0,0,0,0,0,0,0,0,0,0,0,0,0,0,0,0,0,0,0,0,0,0,0,0,0,0,0,0,0,0,0,0,0,0,0,0,0,0,0,0,0,0,0,0,0,0,0,0,0,0,0,0,0,0,0,0,0,0,0,0,0,0,0,0,0,0,0,0,0,0,0,0,0,0,0,0,0,0,0,0,0,0,0,0,0,0,0,0,0,0,0,0,0,0,0,0,0,0,0,0,0,0,0,0,0,0,0,0,0,0,0,0,0,0,0,0,0,0,0,0,0,0,0,0,0,0,0,0,0,0,0,0,0,0,0,0,0,0,0,0,0,0,0,0,0,0,0,0,0,0,0,0,0,0,0,0,0,0,0,0,0,0,0,0,0,0,0,0,0,0,0,0,0,0,0,0,0,0,0,0,0,0,0,0,0,0,0,0,0,0,0,0,0,0,0,0,0,0,0,0,0,0,0,0,0,0,0,0,0,0,0,0,0,0,0,0,0,0,0,0,0,0,0,0,0,0,0,0,0,0,0,0,0,0,0,0,0,0,0,0,0,0,0,0,0,0,0,0,0,0,0,0
0,0,0,0,0,0,0,0,0,0,0,0,0,0,0,0,0,0,0,0,0,0,0,0,0,0,0,0,0,0,0,0,0,0,0,0,0,0,0,0,0,0,0,0,0,0,0,0,0,0,0,0,0,0,0,0,0,0,0,0,0,0,0,0,0,0,0,0,0,0,0,0,0,0,0,0,0,0,0,0,0,0,0,0,0,0,0,0,0,0,0,0,0,0,0,0,0,0,0,0,0,0,0,0,0,0,0,0,0,0,0,0,0,0,0,0,0,0,0,0,0,0,0,0,0,0,0,0,0,0,0,0,0,0,0,0,0,0,0,0,0,0,0,0,0,0,0,0,0,0,0,0,0,0,0,0,0,0,0,0,0,0,0,0,0,0,0,0,0,0,0,0,0,0,0,0,0,0,0,0,0,0,0,0,0,0,0,0,0,0,0,0,0,0,0,0,0,0,0,0,0,0,0,0,0,0,0,0,0,0,0,0,0,0,0,0,0,0,0,0,0,0,0,0,0,0,0,0,0,0,0,0,0,0,0,0,0,0,0,0,0,0,0,0,0,0,0,0,0,0,0,0,0,0,0,0,0,0,0,0,0,0,0,0,0,0,0,0,0,0,0,0,0,0,0,0,0,0,0,0,0,0,0,0,0,0,0,0,0,0,0,0,0,0,0,0,0,0,0,0,0,0,0,0,0,0,0,0,0,0,0,0,0,0,0,0,0,0,0,0,0,0,0,0,0,0,0,0,0,0,0,0,0,0,0,0,0,0,0,0,0,0,0,0,0,0,0,0,0,0,0,0,0,0,0,0,0,0,0,0,0,0,0,0,0,0,0,0,0,0,0,0,0,0,0,0,0,0,0,0,0,0,0,0,0,0,0,0,0,0,0,0,0,0,0,0,0,0,0,0,0,0,0,0,0,0,0,0,0,0,0,0,0,0,0,0,0,0,0,0,0,0,0,0,0,0,0,0,0,0,0,0,0,0,0,0,0,0,0,0,0,0,0,0,0,0,0,0,0,0,0,0,0,0,0,0,0,0,0,0,0,0,0,0,0,0,0,0,0,0,0,0,0,0,0,0,0,0,0,0,0,0,0,0,0,0,0,0,0,0,0,0,0,0,0,0,0,0,0,0
0,0,0,0,0,0,0,0,0,0,0,0,0,0,0,0,0,0,0,0,0,0,0,0,0,0,0,0,0,0,0,0,0,0,0,0,0,0,0,0,0,0,0,0,0,0,0,0,0,0,0,0,0,0,0,0,0,0,0,0,0,0,0,0,0,0,0,0,0,0,0,0,0,0,0,0,0,0,0,0,0,0,0,0,0,0,0,0,0,0,0,0,0,0,0,0,0,0,0,0,0,0,0,0,0,0,0,0,0,0,0,0,0,0,0,0,0,0,0,0,0,0,0,0,0,0,0,0,0,0,0,0,0,0,0,0,0,0,0,0,0,0,0,0,0,0,0,0,0,0,0,0,0,0,0,0,0,0,0,0,0,0,0,0,0,0,0,0,0,0,0,0,0,0,0,0,0,0,0,0,0,0,0,0,0,0,0,0,0,0,0,0,0,0,0,0,0,0,0,0,0,0,0,0,0,0,0,0,0,0,0,0,0,0,0,0,0,0,0,0,0,0,0,0,0,0,0,0,0,0,0,0,0,0,0,0,0,0,0,0,0,0,0,0,0,0,0,0,0,0,0,0,0,0,0,0,0,0,0,0,0,0,0,0,0,0,0,0,0,0,0,0,0,0,0,0,0,0,0,0,0,0,0,0,0,0,0,0,0,0,0,0,0,0,0,0,0,0,0,0,0,0,0,0,0,0,0,0,0,0,0,0,0,0,0,0,0,0,0,0,0,0,0,0,0,0,0,0,0,0,0,0,0,0,0,0,0,0,0,0,0,0,0,0,0,0,0,0,0,0,0,0,0,0,0,0,0,0,0,0,0,0,0,0,0,0,0,0,0,0,0,0,0,0,0,0,0,0,0,0,0,0,0,0,0,0,0,0,0,0,0,0,0,0,0,0,0,0,0,0,0,0,0,0,0,0,0,0,0,0,0,0,0,0,0,0,0,0,0,0,0,0,0,0,0,0,0,0,0,0,0,0,0,0,0,0,0,0,0,0,0,0,0,0,0,0,0,0,0,0,0,0,0,0,0,0,0,0,0,0,0,0,0,0,0,0,0,0,0,0,0,0,0,0,0,0,0,0,0,0,0,0,0,0,0,0,0,0,0,0,0,0,0,0,0,0,0,0,0,0
0,0,0,0,0,0,0,0,0,0,0,0,0,0,0,0,0,0,0,0,0,0,0,0,0,0,0,0,0,0,0,0,0,0,0,0,0,0,0,0,0,0,0,0,0,0,0,0,0,0,0,0,0,0,0,0,0,0,0,0,0,0,0,0,0,0,0,0,0,0,0,0,0,0,0,0,0,0,0,0,0,0,0,0,0,0,0,0,0,0,0,0,0,0,0,0,0,0,0,0,0,0,0,0,0,0,0,0,0,0,0,0,0,0,0,0,0,0,0,0,0,0,0,0,0,0,0,0,0,0,0,0,0,0,0,0,0,0,0,0,0,0,0,0,0,0,0,0,0,0,0,0,0,0,0,0,0,0,0,0,0,0,0,0,0,0,0,0,0,0,0,0,0,0,0,0,0,0,0,0,0,0,0,0,0,0,0,0,0,0,0,0,0,0,0,0,0,0,0,0,0,0,0,0,0,0,0,0,0,0,0,0,0,0,0,0,0,0,0,0,0,0,0,0,0,0,0,0,0,0,0,0,0,0,0,0,0,0,0,0,0,0,0,0,0,0,0,0,0,0,0,0,0,0,0,0,0,0,0,0,0,0,0,0,0,0,0,0,0,0,0,0,0,0,0,0,0,0,0,0,0,0,0,0,0,0,0,0,0,0,0,0,0,0,0,0,0,0,0,0,0,0,0,0,0,0,0,0,0,0,0,0,0,0,0,0,0,0,0,0,0,0,0,0,0,0,0,0,0,0,0,0,0,0,0,0,0,0,0,0,0,0,0,0,0,0,0,0,0,0,0,0,0,0,0,0,0,0,0,0,0,0,0,0,0,0,0,0,0,0,0,0,0,0,0,0,0,0,0,0,0,0,0,0,0,0,0,0,0,0,0,0,0,0,0,0,0,0,0,0,0,0,0,0,0,0,0,0,0,0,0,0,0,0,0,0,0,0,0,0,0,0,0,0,0,0,0,0,0,0,0,0,0,0,0,0,0,0,0,0,0,0,0,0,0,0,0,0,0,0,0,0,0,0,0,0,0,0,0,0,0,0,0,0,0,0,0,0,0,0,0,0,0,0,0,0,0,0,0,0,0,0,0,0,0,0,0,0,0,0,0,0,0,0,0,0,0,0,0,0
0,0,0,0,0,0,0,0,0,0,0,0,0,0,0,0,0,0,0,0,0,0,0,0,0,0,0,0,0,0,0,0,0,0,0,0,0,0,0,0,0,0,0,0,0,0,0,0,0,0,0,0,0,0,0,0,0,0,0,0,0,0,0,0,0,0,0,0,0,0,0,0,0,0,0,0,0,0,0,0,0,0,0,0,0,0,0,0,0,0,0,0,0,0,0,0,0,0,0,0,0,0,0,0,0,0,0,0,0,0,0,0,0,0,0,0,0,0,0,0,0,0,0,0,0,0,0,0,0,0,0,0,0,0,0,0,0,0,0,0,0,0,0,0,0,0,0,0,0,0,0,0,0,0,0,0,0,0,0,0,0,0,0,0,0,0,0,0,0,0,0,0,0,0,0,0,0,0,0,0,0,0,0,0,0,0,0,0,0,0,0,0,0,0,0,0,0,0,0,0,0,0,0,0,0,0,0,0,0,0,0,0,0,0,0,0,0,0,0,0,0,0,0,0,0,0,0,0,0,0,0,0,0,0,0,0,0,0,0,0,0,0,0,0,0,0,0,0,0,0,0,0,0,0,0,0,0,0,0,0,0,0,0,0,0,0,0,0,0,0,0,0,0,0,0,0,0,0,0,0,0,0,0,0,0,0,0,0,0,0,0,0,0,0,0,0,0,0,0,0,0,0,0,0,0,0,0,0,0,0,0,0,0,0,0,0,0,0,0,0,0,0,0,0,0,0,0,0,0,0,0,0,0,0,0,0,0,0,0,0,0,0,0,0,0,0,0,0,0,0,0,0,0,0,0,0,0,0,0,0,0,0,0,0,0,0,0,0,0,0,0,0,0,0,0,0,0,0,0,0,0,0,0,0,0,0,0,0,0,0,0,0,0,0,0,0,0,0,0,0,0,0,0,0,0,0,0,0,0,0,0,0,0,0,0,0,0,0,0,0,0,0,0,0,0,0,0,0,0,0,0,0,0,0,0,0,0,0,0,0,0,0,0,0,0,0,0,0,0,0,0,0,0,0,0,0,0,0,0,0,0,0,0,0,0,0,0,0,0,0,0,0,0,0,0,0,0,0,0,0,0,0,0,0,0,0,0,0,0,0,0,0,0,0,0,0,0,0,0,0
0,0,0,0,0,0,0,0,0,0,0,0,0,0,0,0,0,0,0,0,0,0,0,0,0,0,0,0,0,0,0,0,0,0,0,0,0,0,0,0,0,0,0,0,0,0,0,0,0,0,0,0,0,0,0,0,0,0,0,0,0,0,0,0,0,0,0,0,0,0,0,0,0,0,0,0,0,0,0,0,0,0,0,0,0,0,0,0,0,0,0,0,0,0,0,0,0,0,0,0,0,0,0,0,0,0,0,0,0,0,0,0,0,0,0,0,0,0,0,0,0,0,0,0,0,0,0,0,0,0,0,0,0,0,0,0,0,0,0,0,0,0,0,0,0,0,0,0,0,0,0,0,0,0,0,0,0,0,0,0,0,0,0,0,0,0,0,0,0,0,0,0,0,0,0,0,0,0,0,0,0,0,0,0,0,0,0,0,0,0,0,0,0,0,0,0,0,0,0,0,0,0,0,0,0,0,0,0,0,0,0,0,0,0,0,0,0,0,0,0,0,0,0,0,0,0,0,0,0,0,0,0,0,0,0,0,0,0,0,0,0,0,0,0,0,0,0,0,0,0,0,0,0,0,0,0,0,0,0,0,0,0,0,0,0,0,0,0,0,0,0,0,0,0,0,0,0,0,0,0,0,0,0,0,0,0,0,0,0,0,0,0,0,0,0,0,0,0,0,0,0,0,0,0,0,0,0,0,0,0,0,0,0,0,0,0,0,0,0,0,0,0,0,0,0,0,0,0,0,0,0,0,0,0,0,0,0,0,0,0,0,0,0,0,0,0,0,0,0,0,0,0,0,0,0,0,0,0,0,0,0,0,0,0,0,0,0,0,0,0,0,0,0,0,0,0,0,0,0,0,0,0,0,0,0,0,0,0,0,0,0,0,0,0,0,0,0,0,0,0,0,0,0,0,0,0,0,0,0,0,0,0,0,0,0,0,0,0,0,0,0,0,0,0,0,0,0,0,0,0,0,0,0,0,0,0,0,0,0,0,0,0,0,0,0,0,0,0,0,0,0,0,0,0,0,0,0,0,0,0,0,0,0,0,0,0,0,0,0,0,0,0,0,0,0,0,0,0,0,0,0,0,0,0,0,0,0,0,0,0,0,0,0,0,0,0,0,0,0,0
0,0,0,0,0,0,0,0,0,0,0,0,0,0,0,0,0,0,0,0,0,0,0,0,0,0,0,0,0,0,0,0,0,0,0,0,0,0,0,0,0,0,0,0,0,0,0,0,0,0,0,0,0,0,0,0,0,0,0,0,0,0,0,0,0,0,0,0,0,0,0,0,0,0,0,0,0,0,0,0,0,0,0,0,0,0,0,0,0,0,0,0,0,0,0,0,0,0,0,0,0,0,0,0,0,0,0,0,0,0,0,0,0,0,0,0,0,0,0,0,0,0,0,0,0,0,0,0,0,0,0,0,0,0,0,0,0,0,0,0,0,0,0,0,0,0,0,0,0,0,0,0,0,0,0,0,0,0,0,0,0,0,0,0,0,0,0,0,0,0,0,0,0,0,0,0,0,0,0,0,0,0,0,0,0,0,0,0,0,0,0,0,0,0,0,0,0,0,0,0,0,0,0,0,0,0,0,0,0,0,0,0,0,0,0,0,0,0,0,0,0,0,0,0,0,0,0,0,0,0,0,0,0,0,0,0,0,0,0,0,0,0,0,0,0,0,0,0,0,0,0,0,0,0,0,0,0,0,0,0,0,0,0,0,0,0,0,0,0,0,0,0,0,0,0,0,0,0,0,0,0,0,0,0,0,0,0,0,0,0,0,0,0,0,0,0,0,0,0,0,0,0,0,0,0,0,0,0,0,0,0,0,0,0,0,0,0,0,0,0,0,0,0,0,0,0,0,0,0,0,0,0,0,0,0,0,0,0,0,0,0,0,0,0,0,0,0,0,0,0,0,0,0,0,0,0,0,0,0,0,0,0,0,0,0,0,0,0,0,0,0,0,0,0,0,0,0,0,0,0,0,0,0,0,0,0,0,0,0,0,0,0,0,0,0,0,0,0,0,0,0,0,0,0,0,0,0,0,0,0,0,0,0,0,0,0,0,0,0,0,0,0,0,0,0,0,0,0,0,0,0,0,0,0,0,0,0,0,0,0,0,0,0,0,0,0,0,0,0,0,0,0,0,0,0,0,0,0,0,0,0,0,0,0,0,0,0,0,0,0,0,0,0,0,0,0,0,0,0,0,0,0,0,0,0,0,0,0,0,0,0,0,0,0,0,0,0,0,0,0
0,0,0,0,0,0,0,0,0,0,0,0,0,0,0,0,0,0,0,0,0,0,0,0,0,0,0,0,0,0,0,0,0,0,0,0,0,0,0,0,0,0,0,0,0,0,0,0,0,0,0,0,0,0,0,0,0,0,0,0,0,0,0,0,0,0,0,0,0,0,0,0,0,0,0,0,0,0,0,0,0,0,0,0,0,0,0,0,0,0,0,0,0,0,0,0,0,0,0,0,0,0,0,0,0,0,0,0,0,0,0,0,0,0,0,0,0,0,0,0,0,0,0,0,0,0,0,0,0,0,0,0,0,0,0,0,0,0,0,0,0,0,0,0,0,0,0,0,0,0,0,0,0,0,0,0,0,0,0,0,0,0,0,0,0,0,0,0,0,0,0,0,0,0,0,0,0,0,0,0,0,0,0,0,0,0,0,0,0,0,0,0,0,0,0,0,0,0,0,0,0,0,0,0,0,0,0,0,0,0,0,0,0,0,0,0,0,0,0,0,0,0,0,0,0,0,0,0,0,0,0,0,0,0,0,0,0,0,0,0,0,0,0,0,0,0,0,0,0,0,0,0,0,0,0,0,0,0,0,0,0,0,0,0,0,0,0,0,0,0,0,0,0,0,0,0,0,0,0,0,0,0,0,0,0,0,0,0,0,0,0,0,0,0,0,0,0,0,0,0,0,0,0,0,0,0,0,0,0,0,0,0,0,0,0,0,0,0,0,0,0,0,0,0,0,0,0,0,0,0,0,0,0,0,0,0,0,0,0,0,0,0,0,0,0,0,0,0,0,0,0,0,0,0,0,0,0,0,0,0,0,0,0,0,0,0,0,0,0,0,0,0,0,0,0,0,0,0,0,0,0,0,0,0,0,0,0,0,0,0,0,0,0,0,0,0,0,0,0,0,0,0,0,0,0,0,0,0,0,0,0,0,0,0,0,0,0,0,0,0,0,0,0,0,0,0,0,0,0,0,0,0,0,0,0,0,0,0,0,0,0,0,0,0,0,0,0,0,0,0,0,0,0,0,0,0,0,0,0,0,0,0,0,0,0,0,0,0,0,0,0,0,0,0,0,0,0,0,0,0,0,0,0,0,0,0,0,0,0,0,0,0,0,0,0,0,0,0,0,0
0,0,0,0,0,0,0,0,0,0,0,0,0,0,0,0,0,0,0,0,0,0,0,0,0,0,0,0,0,0,0,0,0,0,0,0,0,0,0,0,0,0,0,0,0,0,0,0,0,0,0,0,0,0,0,0,0,0,0,0,0,0,0,0,0,0,0,0,0,0,0,0,0,0,0,0,0,0,0,0,0,0,0,0,0,0,0,0,0,0,0,0,0,0,0,0,0,0,0,0,0,0,0,0,0,0,0,0,0,0,0,0,0,0,0,0,0,0,0,0,0,0,0,0,0,0,0,0,0,0,0,0,0,0,0,0,0,0,0,0,0,0,0,0,0,0,0,0,0,0,0,0,0,0,0,0,0,0,0,0,0,0,0,0,0,0,0,0,0,0,0,0,0,0,0,0,0,0,0,0,0,0,0,0,0,0,0,0,0,0,0,0,0,0,0,0,0,0,0,0,0,0,0,0,0,0,0,0,0,0,0,0,0,0,0,0,0,0,0,0,0,0,0,0,0,0,0,0,0,0,0,0,0,0,0,0,0,0,0,0,0,0,0,0,0,0,0,0,0,0,0,0,0,0,0,0,0,0,0,0,0,0,0,0,0,0,0,0,0,0,0,0,0,0,0,0,0,0,0,0,0,0,0,0,0,0,0,0,0,0,0,0,0,0,0,0,0,0,0,0,0,0,0,0,0,0,0,0,0,0,0,0,0,0,0,0,0,0,0,0,0,0,0,0,0,0,0,0,0,0,0,0,0,0,0,0,0,0,0,0,0,0,0,0,0,0,0,0,0,0,0,0,0,0,0,0,0,0,0,0,0,0,0,0,0,0,0,0,0,0,0,0,0,0,0,0,0,0,0,0,0,0,0,0,0,0,0,0,0,0,0,0,0,0,0,0,0,0,0,0,0,0,0,0,0,0,0,0,0,0,0,0,0,0,0,0,0,0,0,0,0,0,0,0,0,0,0,0,0,0,0,0,0,0,0,0,0,0,0,0,0,0,0,0,0,0,0,0,0,0,0,0,0,0,0,0,0,0,0,0,0,0,0,0,0,0,0,0,0,0,0,0,0,0,0,0,0,0,0,0,0,0,0,0,0,0,0,0,0,0,0,0,0,0,0,0,0,0,0,0
0,0,0,0,0,0,0,0,0,0,0,0,0,0,0,0,0,0,0,0,0,0,0,0,0,0,0,0,0,0,0,0,0,0,0,0,0,0,0,0,0,0,0,0,0,0,0,0,0,0,0,0,0,0,0,0,0,0,0,0,0,0,0,0,0,0,0,0,0,0,0,0,0,0,0,0,0,0,0,0,0,0,0,0,0,0,0,0,0,0,0,0,0,0,0,0,0,0,0,0,0,0,0,0,0,0,0,0,0,0,0,0,0,0,0,0,0,0,0,0,0,0,0,0,0,0,0,0,0,0,0,0,0,0,0,0,0,0,0,0,0,0,0,0,0,0,0,0,0,0,0,0,0,0,0,0,0,0,0,0,0,0,0,0,0,0,0,0,0,0,0,0,0,0,0,0,0,0,0,0,0,0,0,0,0,0,0,0,0,0,0,0,0,0,0,0,0,0,0,0,0,0,0,0,0,0,0,0,0,0,0,0,0,0,0,0,0,0,0,0,0,0,0,0,0,0,0,0,0,0,0,0,0,0,0,0,0,0,0,0,0,0,0,0,0,0,0,0,0,0,0,0,0,0,0,0,0,0,0,0,0,0,0,0,0,0,0,0,0,0,0,0,0,0,0,0,0,0,0,0,0,0,0,0,0,0,0,0,0,0,0,0,0,0,0,0,0,0,0,0,0,0,0,0,0,0,0,0,0,0,0,0,0,0,0,0,0,0,0,0,0,0,0,0,0,0,0,0,0,0,0,0,0,0,0,0,0,0,0,0,0,0,0,0,0,0,0,0,0,0,0,0,0,0,0,0,0,0,0,0,0,0,0,0,0,0,0,0,0,0,0,0,0,0,0,0,0,0,0,0,0,0,0,0,0,0,0,0,0,0,0,0,0,0,0,0,0,0,0,0,0,0,0,0,0,0,0,0,0,0,0,0,0,0,0,0,0,0,0,0,0,0,0,0,0,0,0,0,0,0,0,0,0,0,0,0,0,0,0,0,0,0,0,0,0,0,0,0,0,0,0,0,0,0,0,0,0,0,0,0,0,0,0,0,0,0,0,0,0,0,0,0,0,0,0,0,0,0,0,0,0,0,0,0,0,0,0,0,0,0,0,0,0,0,0,0,0,0,0,0
0,0,0,0,0,0,0,0,0,0,0,0,0,0,0,0,0,0,0,0,0,0,0,0,0,0,0,0,0,0,0,0,0,0,0,0,0,0,0,0,0,0,0,0,0,0,0,0,0,0,0,0,0,0,0,0,0,0,0,0,0,0,0,0,0,0,0,0,0,0,0,0,0,0,0,0,0,0,0,0,0,0,0,0,0,0,0,0,0,0,0,0,0,0,0,0,0,0,0,0,0,0,0,0,0,0,0,0,0,0,0,0,0,0,0,0,0,0,0,0,0,0,0,0,0,0,0,0,0,0,0,0,0,0,0,0,0,0,0,0,0,0,0,0,0,0,0,0,0,0,0,0,0,0,0,0,0,0,0,0,0,0,0,0,0,0,0,0,0,0,0,0,0,0,0,0,0,0,0,0,0,0,0,0,0,0,0,0,0,0,0,0,0,0,0,0,0,0,0,0,0,0,0,0,0,0,0,0,0,0,0,0,0,0,0,0,0,0,0,0,0,0,0,0,0,0,0,0,0,0,0,0,0,0,0,0,0,0,0,0,0,0,0,0,0,0,0,0,0,0,0,0,0,0,0,0,0,0,0,0,0,0,0,0,0,0,0,0,0,0,0,0,0,0,0,0,0,0,0,0,0,0,0,0,0,0,0,0,0,0,0,0,0,0,0,0,0,0,0,0,0,0,0,0,0,0,0,0,0,0,0,0,0,0,0,0,0,0,0,0,0,0,0,0,0,0,0,0,0,0,0,0,0,0,0,0,0,0,0,0,0,0,0,0,0,0,0,0,0,0,0,0,0,0,0,0,0,0,0,0,0,0,0,0,0,0,0,0,0,0,0,0,0,0,0,0,0,0,0,0,0,0,0,0,0,0,0,0,0,0,0,0,0,0,0,0,0,0,0,0,0,0,0,0,0,0,0,0,0,0,0,0,0,0,0,0,0,0,0,0,0,0,0,0,0,0,0,0,0,0,0,0,0,0,0,0,0,0,0,0,0,0,0,0,0,0,0,0,0,0,0,0,0,0,0,0,0,0,0,0,0,0,0,0,0,0,0,0,0,0,0,0,0,0,0,0,0,0,0,0,0,0,0,0,0,0,0,0,0,0,0,0,0,0,0,0,0,0,0,0
0,0,0,0,0,0,0,0,0,0,0,0,0,0,0,0,0,0,0,0,0,0,0,0,0,0,0,0,0,0,0,0,0,0,0,0,0,0,0,0,0,0,0,0,0,0,0,0,0,0,0,0,0,0,0,0,0,0,0,0,0,0,0,0,0,0,0,0,0,0,0,0,0,0,0,0,0,0,0,0,0,0,0,0,0,0,0,0,0,0,0,0,0,0,0,0,0,0,0,0,0,0,0,0,0,0,0,0,0,0,0,0,0,0,0,0,0,0,0,0,0,0,0,0,0,0,0,0,0,0,0,0,0,0,0,0,0,0,0,0,0,0,0,0,0,0,0,0,0,0,0,0,0,0,0,0,0,0,0,0,0,0,0,0,0,0,0,0,0,0,0,0,0,0,0,0,0,0,0,0,0,0,0,0,0,0,0,0,0,0,0,0,0,0,0,0,0,0,0,0,0,0,0,0,0,0,0,0,0,0,0,0,0,0,0,0,0,0,0,0,0,0,0,0,0,0,0,0,0,0,0,0,0,0,0,0,0,0,0,0,0,0,0,0,0,0,0,0,0,0,0,0,0,0,0,0,0,0,0,0,0,0,0,0,0,0,0,0,0,0,0,0,0,0,0,0,0,0,0,0,0,0,0,0,0,0,0,0,0,0,0,0,0,0,0,0,0,0,0,0,0,0,0,0,0,0,0,0,0,0,0,0,0,0,0,0,0,0,0,0,0,0,0,0,0,0,0,0,0,0,0,0,0,0,0,0,0,0,0,0,0,0,0,0,0,0,0,0,0,0,0,0,0,0,0,0,0,0,0,0,0,0,0,0,0,0,0,0,0,0,0,0,0,0,0,0,0,0,0,0,0,0,0,0,0,0,0,0,0,0,0,0,0,0,0,0,0,0,0,0,0,0,0,0,0,0,0,0,0,0,0,0,0,0,0,0,0,0,0,0,0,0,0,0,0,0,0,0,0,0,0,0,0,0,0,0,0,0,0,0,0,0,0,0,0,0,0,0,0,0,0,0,0,0,0,0,0,0,0,0,0,0,0,0,0,0,0,0,0,0,0,0,0,0,0,0,0,0,0,0,0,0,0,0,0,0,0,0,0,0,0,0,0,0,0,0,0,0,0,0
0,0,0,0,0,0,0,0,0,0,0,0,0,0,0,0,0,0,0,0,0,0,0,0,0,0,0,0,0,0,0,0,0,0,0,0,0,0,0,0,0,0,0,0,0,0,0,0,0,0,0,0,0,0,0,0,0,0,0,0,0,0,0,0,0,0,0,0,0,0,0,0,0,0,0,0,0,0,0,0,0,0,0,0,0,0,0,0,0,0,0,0,0,0,0,0,0,0,0,0,0,0,0,0,0,0,0,0,0,0,0,0,0,0,0,0,0,0,0,0,0,0,0,0,0,0,0,0,0,0,0,0,0,0,0,0,0,0,0,0,0,0,0,0,0,0,0,0,0,0,0,0,0,0,0,0,0,0,0,0,0,0,0,0,0,0,0,0,0,0,0,0,0,0,0,0,0,0,0,0,0,0,0,0,0,0,0,0,0,0,0,0,0,0,0,0,0,0,0,0,0,0,0,0,0,0,0,0,0,0,0,0,0,0,0,0,0,0,0,0,0,0,0,0,0,0,0,0,0,0,0,0,0,0,0,0,0,0,0,0,0,0,0,0,0,0,0,0,0,0,0,0,0,0,0,0,0,0,0,0,0,0,0,0,0,0,0,0,0,0,0,0,0,0,0,0,0,0,0,0,0,0,0,0,0,0,0,0,0,0,0,0,0,0,0,0,0,0,0,0,0,0,0,0,0,0,0,0,0,0,0,0,0,0,0,0,0,0,0,0,0,0,0,0,0,0,0,0,0,0,0,0,0,0,0,0,0,0,0,0,0,0,0,0,0,0,0,0,0,0,0,0,0,0,0,0,0,0,0,0,0,0,0,0,0,0,0,0,0,0,0,0,0,0,0,0,0,0,0,0,0,0,0,0,0,0,0,0,0,0,0,0,0,0,0,0,0,0,0,0,0,0,0,0,0,0,0,0,0,0,0,0,0,0,0,0,0,0,0,0,0,0,0,0,0,0,0,0,0,0,0,0,0,0,0,0,0,0,0,0,0,0,0,0,0,0,0,0,0,0,0,0,0,0,0,0,0,0,0,0,0,0,0,0,0,0,0,0,0,0,0,0,0,0,0,0,0,0,0,0,0,0,0,0,0,0,0,0,0,0,0,0,0,0,0,0,0,0,0,0
0,0,0,0,0,0,0,0,0,0,0,0,0,0,0,0,0,0,0,0,0,0,0,0,0,0,0,0,0,0,0,0,0,0,0,0,0,0,0,0,0,0,0,0,0,0,0,0,0,0,0,0,0,0,0,0,0,0,0,0,0,0,0,0,0,0,0,0,0,0,0,0,0,0,0,0,0,0,0,0,0,0,0,0,0,0,0,0,0,0,0,0,0,0,0,0,0,0,0,0,0,0,0,0,0,0,0,0,0,0,0,0,0,0,0,0,0,0,0,0,0,0,0,0,0,0,0,0,0,0,0,0,0,0,0,0,0,0,0,0,0,0,0,0,0,0,0,0,0,0,0,0,0,0,0,0,0,0,0,0,0,0,0,0,0,0,0,0,0,0,0,0,0,0,0,0,0,0,0,0,0,0,0,0,0,0,0,0,0,0,0,0,0,0,0,0,0,0,0,0,0,0,0,0,0,0,0,0,0,0,0,0,0,0,0,0,0,0,0,0,0,0,0,0,0,0,0,0,0,0,0,0,0,0,0,0,0,0,0,0,0,0,0,0,0,0,0,0,0,0,0,0,0,0,0,0,0,0,0,0,0,0,0,0,0,0,0,0,0,0,0,0,0,0,0,0,0,0,0,0,0,0,0,0,0,0,0,0,0,0,0,0,0,0,0,0,0,0,0,0,0,0,0,0,0,0,0,0,0,0,0,0,0,0,0,0,0,0,0,0,0,0,0,0,0,0,0,0,0,0,0,0,0,0,0,0,0,0,0,0,0,0,0,0,0,0,0,0,0,0,0,0,0,0,0,0,0,0,0,0,0,0,0,0,0,0,0,0,0,0,0,0,0,0,0,0,0,0,0,0,0,0,0,0,0,0,0,0,0,0,0,0,0,0,0,0,0,0,0,0,0,0,0,0,0,0,0,0,0,0,0,0,0,0,0,0,0,0,0,0,0,0,0,0,0,0,0,0,0,0,0,0,0,0,0,0,0,0,0,0,0,0,0,0,0,0,0,0,0,0,0,0,0,0,0,0,0,0,0,0,0,0,0,0,0,0,0,0,0,0,0,0,0,0,0,0,0,0,0,0,0,0,0,0,0,0,0,0,0,0,0,0,0,0,0,0,0,0,0,0
0,0,0,0,0,0,0,0,0,0,0,0,0,0,0,0,0,0,0,0,0,0,0,0,0,0,0,0,0,0,0,0,0,0,0,0,0,0,0,0,0,0,0,0,0,0,0,0,0,0,0,0,0,0,0,0,0,0,0,0,0,0,0,0,0,0,0,0,0,0,0,0,0,0,0,0,0,0,0,0,0,0,0,0,0,0,0,0,0,0,0,0,0,0,0,0,0,0,0,0,0,0,0,0,0,0,0,0,0,0,0,0,0,0,0,0,0,0,0,0,0,0,0,0,0,0,0,0,0,0,0,0,0,0,0,0,0,0,0,0,0,0,0,0,0,0,0,0,0,0,0,0,0,0,0,0,0,0,0,0,0,0,0,0,0,0,0,0,0,0,0,0,0,0,0,0,0,0,0,0,0,0,0,0,0,0,0,0,0,0,0,0,0,0,0,0,0,0,0,0,0,0,0,0,0,0,0,0,0,0,0,0,0,0,0,0,0,0,0,0,0,0,0,0,0,0,0,0,0,0,0,0,0,0,0,0,0,0,0,0,0,0,0,0,0,0,0,0,0,0,0,0,0,0,0,0,0,0,0,0,0,0,0,0,0,0,0,0,0,0,0,0,0,0,0,0,0,0,0,0,0,0,0,0,0,0,0,0,0,0,0,0,0,0,0,0,0,0,0,0,0,0,0,0,0,0,0,0,0,0,0,0,0,0,0,0,0,0,0,0,0,0,0,0,0,0,0,0,0,0,0,0,0,0,0,0,0,0,0,0,0,0,0,0,0,0,0,0,0,0,0,0,0,0,0,0,0,0,0,0,0,0,0,0,0,0,0,0,0,0,0,0,0,0,0,0,0,0,0,0,0,0,0,0,0,0,0,0,0,0,0,0,0,0,0,0,0,0,0,0,0,0,0,0,0,0,0,0,0,0,0,0,0,0,0,0,0,0,0,0,0,0,0,0,0,0,0,0,0,0,0,0,0,0,0,0,0,0,0,0,0,0,0,0,0,0,0,0,0,0,0,0,0,0,0,0,0,0,0,0,0,0,0,0,0,0,0,0,0,0,0,0,0,0,0,0,0,0,0,0,0,0,0,0,0,0,0,0,0,0,0,0,0,0,0,0,0,0,0,0
0,0,0,0,0,0,0,0,0,0,0,0,0,0,0,0,0,0,0,0,0,0,0,0,0,0,0,0,0,0,0,0,0,0,0,0,0,0,0,0,0,0,0,0,0,0,0,0,0,0,0,0,0,0,0,0,0,0,0,0,0,0,0,0,0,0,0,0,0,0,0,0,0,0,0,0,0,0,0,0,0,0,0,0,0,0,0,0,0,0,0,0,0,0,0,0,0,0,0,0,0,0,0,0,0,0,0,0,0,0,0,0,0,0,0,0,0,0,0,0,0,0,0,0,0,0,0,0,0,0,0,0,0,0,0,0,0,0,0,0,0,0,0,0,0,0,0,0,0,0,0,0,0,0,0,0,0,0,0,0,0,0,0,0,0,0,0,0,0,0,0,0,0,0,0,0,0,0,0,0,0,0,0,0,0,0,0,0,0,0,0,0,0,0,0,0,0,0,0,0,0,0,0,0,0,0,0,0,0,0,0,0,0,0,0,0,0,0,0,0,0,0,0,0,0,0,0,0,0,0,0,0,0,0,0,0,0,0,0,0,0,0,0,0,0,0,0,0,0,0,0,0,0,0,0,0,0,0,0,0,0,0,0,0,0,0,0,0,0,0,0,0,0,0,0,0,0,0,0,0,0,0,0,0,0,0,0,0,0,0,0,0,0,0,0,0,0,0,0,0,0,0,0,0,0,0,0,0,0,0,0,0,0,0,0,0,0,0,0,0,0,0,0,0,0,0,0,0,0,0,0,0,0,0,0,0,0,0,0,0,0,0,0,0,0,0,0,0,0,0,0,0,0,0,0,0,0,0,0,0,0,0,0,0,0,0,0,0,0,0,0,0,0,0,0,0,0,0,0,0,0,0,0,0,0,0,0,0,0,0,0,0,0,0,0,0,0,0,0,0,0,0,0,0,0,0,0,0,0,0,0,0,0,0,0,0,0,0,0,0,0,0,0,0,0,0,0,0,0,0,0,0,0,0,0,0,0,0,0,0,0,0,0,0,0,0,0,0,0,0,0,0,0,0,0,0,0,0,0,0,0,0,0,0,0,0,0,0,0,0,0,0,0,0,0,0,0,0,0,0,0,0,0,0,0,0,0,0,0,0,0,0,0,0,0,0,0,0,0,0
0,0,0,0,0,0,0,0,0,0,0,0,0,0,0,0,0,0,0,0,0,0,0,0,0,0,0,0,0,0,0,0,0,0,0,0,0,0,0,0,0,0,0,0,0,0,0,0,0,0,0,0,0,0,0,0,0,0,0,0,0,0,0,0,0,0,0,0,0,0,0,0,0,0,0,0,0,0,0,0,0,0,0,0,0,0,0,0,0,0,0,0,0,0,0,0,0,0,0,0,0,0,0,0,0,0,0,0,0,0,0,0,0,0,0,0,0,0,0,0,0,0,0,0,0,0,0,0,0,0,0,0,0,0,0,0,0,0,0,0,0,0,0,0,0,0,0,0,0,0,0,0,0,0,0,0,0,0,0,0,0,0,0,0,0,0,0,0,0,0,0,0,0,0,0,0,0,0,0,0,0,0,0,0,0,0,0,0,0,0,0,0,0,0,0,0,0,0,0,0,0,0,0,0,0,0,0,0,0,0,0,0,0,0,0,0,0,0,0,0,0,0,0,0,0,0,0,0,0,0,0,0,0,0,0,0,0,0,0,0,0,0,0,0,0,0,0,0,0,0,0,0,0,0,0,0,0,0,0,0,0,0,0,0,0,0,0,0,0,0,0,0,0,0,0,0,0,0,0,0,0,0,0,0,0,0,0,0,0,0,0,0,0,0,0,0,0,0,0,0,0,0,0,0,0,0,0,0,0,0,0,0,0,0,0,0,0,0,0,0,0,0,0,0,0,0,0,0,0,0,0,0,0,0,0,0,0,0,0,0,0,0,0,0,0,0,0,0,0,0,0,0,0,0,0,0,0,0,0,0,0,0,0,0,0,0,0,0,0,0,0,0,0,0,0,0,0,0,0,0,0,0,0,0,0,0,0,0,0,0,0,0,0,0,0,0,0,0,0,0,0,0,0,0,0,0,0,0,0,0,0,0,0,0,0,0,0,0,0,0,0,0,0,0,0,0,0,0,0,0,0,0,0,0,0,0,0,0,0,0,0,0,0,0,0,0,0,0,0,0,0,0,0,0,0,0,0,0,0,0,0,0,0,0,0,0,0,0,0,0,0,0,0,0,0,0,0,0,0,0,0,0,0,0,0,0,0,0,0,0,0,0,0,0,0,0,0,0,0,0
0,0,0,0,0,0,0,0,0,0,0,0,0,0,0,0,0,0,0,0,0,0,0,0,0,0,0,0,0,0,0,0,0,0,0,0,0,0,0,0,0,0,0,0,0,0,0,0,0,0,0,0,0,0,0,0,0,0,0,0,0,0,0,0,0,0,0,0,0,0,0,0,0,0,0,0,0,0,0,0,0,0,0,0,0,0,0,0,0,0,0,0,0,0,0,0,0,0,0,0,0,0,0,0,0,0,0,0,0,0,0,0,0,0,0,0,0,0,0,0,0,0,0,0,0,0,0,0,0,0,0,0,0,0,0,0,0,0,0,0,0,0,0,0,0,0,0,0,0,0,0,0,0,0,0,0,0,0,0,0,0,0,0,0,0,0,0,0,0,0,0,0,0,0,0,0,0,0,0,0,0,0,0,0,0,0,0,0,0,0,0,0,0,0,0,0,0,0,0,0,0,0,0,0,0,0,0,0,0,0,0,0,0,0,0,0,0,0,0,0,0,0,0,0,0,0,0,0,0,0,0,0,0,0,0,0,0,0,0,0,0,0,0,0,0,0,0,0,0,0,0,0,0,0,0,0,0,0,0,0,0,0,0,0,0,0,0,0,0,0,0,0,0,0,0,0,0,0,0,0,0,0,0,0,0,0,0,0,0,0,0,0,0,0,0,0,0,0,0,0,0,0,0,0,0,0,0,0,0,0,0,0,0,0,0,0,0,0,0,0,0,0,0,0,0,0,0,0,0,0,0,0,0,0,0,0,0,0,0,0,0,0,0,0,0,0,0,0,0,0,0,0,0,0,0,0,0,0,0,0,0,0,0,0,0,0,0,0,0,0,0,0,0,0,0,0,0,0,0,0,0,0,0,0,0,0,0,0,0,0,0,0,0,0,0,0,0,0,0,0,0,0,0,0,0,0,0,0,0,0,0,0,0,0,0,0,0,0,0,0,0,0,0,0,0,0,0,0,0,0,0,0,0,0,0,0,0,0,0,0,0,0,0,0,0,0,0,0,0,0,0,0,0,0,0,0,0,0,0,0,0,0,0,0,0,0,0,0,0,0,0,0,0,0,0,0,0,0,0,0,0,0,0,0,0,0,0,0,0,0,0,0,0,0,0,0,0,0,0,0
0,0,0,0,0,0,0,0,0,0,0,0,0,0,0,0,0,0,0,0,0,0,0,0,0,0,0,0,0,0,0,0,0,0,0,0,0,0,0,0,0,0,0,0,0,0,0,0,0,0,0,0,0,0,0,0,0,0,0,0,0,0,0,0,0,0,0,0,0,0,0,0,0,0,0,0,0,0,0,0,0,0,0,0,0,0,0,0,0,0,0,0,0,0,0,0,0,0,0,0,0,0,0,0,0,0,0,0,0,0,0,0,0,0,0,0,0,0,0,0,0,0,0,0,0,0,0,0,0,0,0,0,0,0,0,0,0,0,0,0,0,0,0,0,0,0,0,0,0,0,0,0,0,0,0,0,0,0,0,0,0,0,0,0,0,0,0,0,0,0,0,0,0,0,0,0,0,0,0,0,0,0,0,0,0,0,0,0,0,0,0,0,0,0,0,0,0,0,0,0,0,0,0,0,0,0,0,0,0,0,0,0,0,0,0,0,0,0,0,0,0,0,0,0,0,0,0,0,0,0,0,0,0,0,0,0,0,0,0,0,0,0,0,0,0,0,0,0,0,0,0,0,0,0,0,0,0,0,0,0,0,0,0,0,0,0,0,0,0,0,0,0,0,0,0,0,0,0,0,0,0,0,0,0,0,0,0,0,0,0,0,0,0,0,0,0,0,0,0,0,0,0,0,0,0,0,0,0,0,0,0,0,0,0,0,0,0,0,0,0,0,0,0,0,0,0,0,0,0,0,0,0,0,0,0,0,0,0,0,0,0,0,0,0,0,0,0,0,0,0,0,0,0,0,0,0,0,0,0,0,0,0,0,0,0,0,0,0,0,0,0,0,0,0,0,0,0,0,0,0,0,0,0,0,0,0,0,0,0,0,0,0,0,0,0,0,0,0,0,0,0,0,0,0,0,0,0,0,0,0,0,0,0,0,0,0,0,0,0,0,0,0,0,0,0,0,0,0,0,0,0,0,0,0,0,0,0,0,0,0,0,0,0,0,0,0,0,0,0,0,0,0,0,0,0,0,0,0,0,0,0,0,0,0,0,0,0,0,0,0,0,0,0,0,0,0,0,0,0,0,0,0,0,0,0,0,0,0,0,0,0,0,0,0,0,0,0,0,0,0
0,0,0,0,0,0,0,0,0,0,0,0,0,0,0,0,0,0,0,0,0,0,0,0,0,0,0,0,0,0,0,0,0,0,0,0,0,0,0,0,0,0,0,0,0,0,0,0,0,0,0,0,0,0,0,0,0,0,0,0,0,0,0,0,0,0,0,0,0,0,0,0,0,0,0,0,0,0,0,0,0,0,0,0,0,0,0,0,0,0,0,0,0,0,0,0,0,0,0,0,0,0,0,0,0,0,0,0,0,0,0,0,0,0,0,0,0,0,0,0,0,0,0,0,0,0,0,0,0,0,0,0,0,0,0,0,0,0,0,0,0,0,0,0,0,0,0,0,0,0,0,0,0,0,0,0,0,0,0,0,0,0,0,0,0,0,0,0,0,0,0,0,0,0,0,0,0,0,0,0,0,0,0,0,0,0,0,0,0,0,0,0,0,0,0,0,0,0,0,0,0,0,0,0,0,0,0,0,0,0,0,0,0,0,0,0,0,0,0,0,0,0,0,0,0,0,0,0,0,0,0,0,0,0,0,0,0,0,0,0,0,0,0,0,0,0,0,0,0,0,0,0,0,0,0,0,0,0,0,0,0,0,0,0,0,0,0,0,0,0,0,0,0,0,0,0,0,0,0,0,0,0,0,0,0,0,0,0,0,0,0,0,0,0,0,0,0,0,0,0,0,0,0,0,0,0,0,0,0,0,0,0,0,0,0,0,0,0,0,0,0,0,0,0,0,0,0,0,0,0,0,0,0,0,0,0,0,0,0,0,0,0,0,0,0,0,0,0,0,0,0,0,0,0,0,0,0,0,0,0,0,0,0,0,0,0,0,0,0,0,0,0,0,0,0,0,0,0,0,0,0,0,0,0,0,0,0,0,0,0,0,0,0,0,0,0,0,0,0,0,0,0,0,0,0,0,0,0,0,0,0,0,0,0,0,0,0,0,0,0,0,0,0,0,0,0,0,0,0,0,0,0,0,0,0,0,0,0,0,0,0,0,0,0,0,0,0,0,0,0,0,0,0,0,0,0,0,0,0,0,0,0,0,0,0,0,0,0,0,0,0,0,0,0,0,0,0,0,0,0,0,0,0,0,0,0,0,0,0,0,0,0,0,0,0,0,0,0,0,0
0,0,0,0,0,0,0,0,0,0,0,0,0,0,0,0,0,0,0,0,0,0,0,0,0,0,0,0,0,0,0,0,0,0,0,0,0,0,0,0,0,0,0,0,0,0,0,0,0,0,0,0,0,0,0,0,0,0,0,0,0,0,0,0,0,0,0,0,0,0,0,0,0,0,0,0,0,0,0,0,0,0,0,0,0,0,0,0,0,0,0,0,0,0,0,0,0,0,0,0,0,0,0,0,0,0,0,0,0,0,0,0,0,0,0,0,0,0,0,0,0,0,0,0,0,0,0,0,0,0,0,0,0,0,0,0,0,0,0,0,0,0,0,0,0,0,0,0,0,0,0,0,0,0,0,0,0,0,0,0,0,0,0,0,0,0,0,0,0,0,0,0,0,0,0,0,0,0,0,0,0,0,0,0,0,0,0,0,0,0,0,0,0,0,0,0,0,0,0,0,0,0,0,0,0,0,0,0,0,0,0,0,0,0,0,0,0,0,0,0,0,0,0,0,0,0,0,0,0,0,0,0,0,0,0,0,0,0,0,0,0,0,0,0,0,0,0,0,0,0,0,0,0,0,0,0,0,0,0,0,0,0,0,0,0,0,0,0,0,0,0,0,0,0,0,0,0,0,0,0,0,0,0,0,0,0,0,0,0,0,0,0,0,0,0,0,0,0,0,0,0,0,0,0,0,0,0,0,0,0,0,0,0,0,0,0,0,0,0,0,0,0,0,0,0,0,0,0,0,0,0,0,0,0,0,0,0,0,0,0,0,0,0,0,0,0,0,0,0,0,0,0,0,0,0,0,0,0,0,0,0,0,0,0,0,0,0,0,0,0,0,0,0,0,0,0,0,0,0,0,0,0,0,0,0,0,0,0,0,0,0,0,0,0,0,0,0,0,0,0,0,0,0,0,0,0,0,0,0,0,0,0,0,0,0,0,0,0,0,0,0,0,0,0,0,0,0,0,0,0,0,0,0,0,0,0,0,0,0,0,0,0,0,0,0,0,0,0,0,0,0,0,0,0,0,0,0,0,0,0,0,0,0,0,0,0,0,0,0,0,0,0,0,0,0,0,0,0,0,0,0,0,0,0,0,0,0,0,0,0,0,0,0,0,0,0,0,0,0,0
0,0,0,0,0,0,0,0,0,0,0,0,0,0,0,0,0,0,0,0,0,0,0,0,0,0,0,0,0,0,0,0,0,0,0,0,0,0,0,0,0,0,0,0,0,0,0,0,0,0,0,0,0,0,0,0,0,0,0,0,0,0,0,0,0,0,0,0,0,0,0,0,0,0,0,0,0,0,0,0,0,0,0,0,0,0,0,0,0,0,0,0,0,0,0,0,0,0,0,0,0,0,0,0,0,0,0,0,0,0,0,0,0,0,0,0,0,0,0,0,0,0,0,0,0,0,0,0,0,0,0,0,0,0,0,0,0,0,0,0,0,0,0,0,0,0,0,0,0,0,0,0,0,0,0,0,0,0,0,0,0,0,0,0,0,0,0,0,0,0,0,0,0,0,0,0,0,0,0,0,0,0,0,0,0,0,0,0,0,0,0,0,0,0,0,0,0,0,0,0,0,0,0,0,0,0,0,0,0,0,0,0,0,0,0,0,0,0,0,0,0,0,0,0,0,0,0,0,0,0,0,0,0,0,0,0,0,0,0,0,0,0,0,0,0,0,0,0,0,0,0,0,0,0,0,0,0,0,0,0,0,0,0,0,0,0,0,0,0,0,0,0,0,0,0,0,0,0,0,0,0,0,0,0,0,0,0,0,0,0,0,0,0,0,0,0,0,0,0,0,0,0,0,0,0,0,0,0,0,0,0,0,0,0,0,0,0,0,0,0,0,0,0,0,0,0,0,0,0,0,0,0,0,0,0,0,0,0,0,0,0,0,0,0,0,0,0,0,0,0,0,0,0,0,0,0,0,0,0,0,0,0,0,0,0,0,0,0,0,0,0,0,0,0,0,0,0,0,0,0,0,0,0,0,0,0,0,0,0,0,0,0,0,0,0,0,0,0,0,0,0,0,0,0,0,0,0,0,0,0,0,0,0,0,0,0,0,0,0,0,0,0,0,0,0,0,0,0,0,0,0,0,0,0,0,0,0,0,0,0,0,0,0,0,0,0,0,0,0,0,0,0,0,0,0,0,0,0,0,0,0,0,0,0,0,0,0,0,0,0,0,0,0,0,0,0,0,0,0,0,0,0,0,0,0,0,0,0,0,0,0,0,0,0,0,0,0,0,0,0
0,0,0,0,0,0,0,0,0,0,0,0,0,0,0,0,0,0,0,0,0,0,0,0,0,0,0,0,0,0,0,0,0,0,0,0,0,0,0,0,0,0,0,0,0,0,0,0,0,0,0,0,0,0,0,0,0,0,0,0,0,0,0,0,0,0,0,0,0,0,0,0,0,0,0,0,0,0,0,0,0,0,0,0,0,0,0,0,0,0,0,0,0,0,0,0,0,0,0,0,0,0,0,0,0,0,0,0,0,0,0,0,0,0,0,0,0,0,0,0,0,0,0,0,0,0,0,0,0,0,0,0,0,0,0,0,0,0,0,0,0,0,0,0,0,0,0,0,0,0,0,0,0,0,0,0,0,0,0,0,0,0,0,0,0,0,0,0,0,0,0,0,0,0,0,0,0,0,0,0,0,0,0,0,0,0,0,0,0,0,0,0,0,0,0,0,0,0,0,0,0,0,0,0,0,0,0,0,0,0,0,0,0,0,0,0,0,0,0,0,0,0,0,0,0,0,0,0,0,0,0,0,0,0,0,0,0,0,0,0,0,0,0,0,0,0,0,0,0,0,0,0,0,0,0,0,0,0,0,0,0,0,0,0,0,0,0,0,0,0,0,0,0,0,0,0,0,0,0,0,0,0,0,0,0,0,0,0,0,0,0,0,0,0,0,0,0,0,0,0,0,0,0,0,0,0,0,0,0,0,0,0,0,0,0,0,0,0,0,0,0,0,0,0,0,0,0,0,0,0,0,0,0,0,0,0,0,0,0,0,0,0,0,0,0,0,0,0,0,0,0,0,0,0,0,0,0,0,0,0,0,0,0,0,0,0,0,0,0,0,0,0,0,0,0,0,0,0,0,0,0,0,0,0,0,0,0,0,0,0,0,0,0,0,0,0,0,0,0,0,0,0,0,0,0,0,0,0,0,0,0,0,0,0,0,0,0,0,0,0,0,0,0,0,0,0,0,0,0,0,0,0,0,0,0,0,0,0,0,0,0,0,0,0,0,0,0,0,0,0,0,0,0,0,0,0,0,0,0,0,0,0,0,0,0,0,0,0,0,0,0,0,0,0,0,0,0,0,0,0,0,0,0,0,0,0,0,0,0,0,0,0,0,0,0,0,0,0,0,0
0,0,0,0,0,0,0,0,0,0,0,0,0,0,0,0,0,0,0,0,0,0,0,0,0,0,0,0,0,0,0,0,0,0,0,0,0,0,0,0,0,0,0,0,0,0,0,0,0,0,0,0,0,0,0,0,0,0,0,0,0,0,0,0,0,0,0,0,0,0,0,0,0,0,0,0,0,0,0,0,0,0,0,0,0,0,0,0,0,0,0,0,0,0,0,0,0,0,0,0,0,0,0,0,0,0,0,0,0,0,0,0,0,0,0,0,0,0,0,0,0,0,0,0,0,0,0,0,0,0,0,0,0,0,0,0,0,0,0,0,0,0,0,0,0,0,0,0,0,0,0,0,0,0,0,0,0,0,0,0,0,0,0,0,0,0,0,0,0,0,0,0,0,0,0,0,0,0,0,0,0,0,0,0,0,0,0,0,0,0,0,0,0,0,0,0,0,0,0,0,0,0,0,0,0,0,0,0,0,0,0,0,0,0,0,0,0,0,0,0,0,0,0,0,0,0,0,0,0,0,0,0,0,0,0,0,0,0,0,0,0,0,0,0,0,0,0,0,0,0,0,0,0,0,0,0,0,0,0,0,0,0,0,0,0,0,0,0,0,0,0,0,0,0,0,0,0,0,0,0,0,0,0,0,0,0,0,0,0,0,0,0,0,0,0,0,0,0,0,0,0,0,0,0,0,0,0,0,0,0,0,0,0,0,0,0,0,0,0,0,0,0,0,0,0,0,0,0,0,0,0,0,0,0,0,0,0,0,0,0,0,0,0,0,0,0,0,0,0,0,0,0,0,0,0,0,0,0,0,0,0,0,0,0,0,0,0,0,0,0,0,0,0,0,0,0,0,0,0,0,0,0,0,0,0,0,0,0,0,0,0,0,0,0,0,0,0,0,0,0,0,0,0,0,0,0,0,0,0,0,0,0,0,0,0,0,0,0,0,0,0,0,0,0,0,0,0,0,0,0,0,0,0,0,0,0,0,0,0,0,0,0,0,0,0,0,0,0,0,0,0,0,0,0,0,0,0,0,0,0,0,0,0,0,0,0,0,0,0,0,0,0,0,0,0,0,0,0,0,0,0,0,0,0,0,0,0,0,0,0,0,0,0,0,0,0,0,0,0,0
0,0,0,0,0,0,0,0,0,0,0,0,0,0,0,0,0,0,0,0,0,0,0,0,0,0,0,0,0,0,0,0,0,0,0,0,0,0,0,0,0,0,0,0,0,0,0,0,0,0,0,0,0,0,0,0,0,0,0,0,0,0,0,0,0,0,0,0,0,0,0,0,0,0,0,0,0,0,0,0,0,0,0,0,0,0,0,0,0,0,0,0,0,0,0,0,0,0,0,0,0,0,0,0,0,0,0,0,0,0,0,0,0,0,0,0,0,0,0,0,0,0,0,0,0,0,0,0,0,0,0,0,0,0,0,0,0,0,0,0,0,0,0,0,0,0,0,0,0,0,0,0,0,0,0,0,0,0,0,0,0,0,0,0,0,0,0,0,0,0,0,0,0,0,0,0,0,0,0,0,0,0,0,0,0,0,0,0,0,0,0,0,0,0,0,0,0,0,0,0,0,0,0,0,0,0,0,0,0,0,0,0,0,0,0,0,0,0,0,0,0,0,0,0,0,0,0,0,0,0,0,0,0,0,0,0,0,0,0,0,0,0,0,0,0,0,0,0,0,0,0,0,0,0,0,0,0,0,0,0,0,0,0,0,0,0,0,0,0,0,0,0,0,0,0,0,0,0,0,0,0,0,0,0,0,0,0,0,0,0,0,0,0,0,0,0,0,0,0,0,0,0,0,0,0,0,0,0,0,0,0,0,0,0,0,0,0,0,0,0,0,0,0,0,0,0,0,0,0,0,0,0,0,0,0,0,0,0,0,0,0,0,0,0,0,0,0,0,0,0,0,0,0,0,0,0,0,0,0,0,0,0,0,0,0,0,0,0,0,0,0,0,0,0,0,0,0,0,0,0,0,0,0,0,0,0,0,0,0,0,0,0,0,0,0,0,0,0,0,0,0,0,0,0,0,0,0,0,0,0,0,0,0,0,0,0,0,0,0,0,0,0,0,0,0,0,0,0,0,0,0,0,0,0,0,0,0,0,0,0,0,0,0,0,0,0,0,0,0,0,0,0,0,0,0,0,0,0,0,0,0,0,0,0,0,0,0,0,0,0,0,0,0,0,0,0,0,0,0,0,0,0,0,0,0,0,0,0,0,0,0,0,0,0,0,0,0,0,0,0
0,0,0,0,0,0,0,0,0,0,0,0,0,0,0,0,0,0,0,0,0,0,0,0,0,0,0,0,0,0,0,0,0,0,0,0,0,0,0,0,0,0,0,0,0,0,0,0,0,0,0,0,0,0,0,0,0,0,0,0,0,0,0,0,0,0,0,0,0,0,0,0,0,0,0,0,0,0,0,0,0,0,0,0,0,0,0,0,0,0,0,0,0,0,0,0,0,0,0,0,0,0,0,0,0,0,0,0,0,0,0,0,0,0,0,0,0,0,0,0,0,0,0,0,0,0,0,0,0,0,0,0,0,0,0,0,0,0,0,0,0,0,0,0,0,0,0,0,0,0,0,0,0,0,0,0,0,0,0,0,0,0,0,0,0,0,0,0,0,0,0,0,0,0,0,0,0,0,0,0,0,0,0,0,0,0,0,0,0,0,0,0,0,0,0,0,0,0,0,0,0,0,0,0,0,0,0,0,0,0,0,0,0,0,0,0,0,0,0,0,0,0,0,0,0,0,0,0,0,0,0,0,0,0,0,0,0,0,0,0,0,0,0,0,0,0,0,0,0,0,0,0,0,0,0,0,0,0,0,0,0,0,0,0,0,0,0,0,0,0,0,0,0,0,0,0,0,0,0,0,0,0,0,0,0,0,0,0,0,0,0,0,0,0,0,0,0,0,0,0,0,0,0,0,0,0,0,0,0,0,0,0,0,0,0,0,0,0,0,0,0,0,0,0,0,0,0,0,0,0,0,0,0,0,0,0,0,0,0,0,0,0,0,0,0,0,0,0,0,0,0,0,0,0,0,0,0,0,0,0,0,0,0,0,0,0,0,0,0,0,0,0,0,0,0,0,0,0,0,0,0,0,0,0,0,0,0,0,0,0,0,0,0,0,0,0,0,0,0,0,0,0,0,0,0,0,0,0,0,0,0,0,0,0,0,0,0,0,0,0,0,0,0,0,0,0,0,0,0,0,0,0,0,0,0,0,0,0,0,0,0,0,0,0,0,0,0,0,0,0,0,0,0,0,0,0,0,0,0,0,0,0,0,0,0,0,0,0,0,0,0,0,0,0,0,0,0,0,0,0,0,0,0,0,0,0,0,0,0,0,0,0,0,0,0,0,0,0,0,0
0,0,0,0,0,0,0,0,0,0,0,0,0,0,0,0,0,0,0,0,0,0,0,0,0,0,0,0,0,0,0,0,0,0,0,0,0,0,0,0,0,0,0,0,0,0,0,0,0,0,0,0,0,0,0,0,0,0,0,0,0,0,0,0,0,0,0,0,0,0,0,0,0,0,0,0,0,0,0,0,0,0,0,0,0,0,0,0,0,0,0,0,0,0,0,0,0,0,0,0,0,0,0,0,0,0,0,0,0,0,0,0,0,0,0,0,0,0,0,0,0,0,0,0,0,0,0,0,0,0,0,0,0,0,0,0,0,0,0,0,0,0,0,0,0,0,0,0,0,0,0,0,0,0,0,0,0,0,0,0,0,0,0,0,0,0,0,0,0,0,0,0,0,0,0,0,0,0,0,0,0,0,0,0,0,0,0,0,0,0,0,0,0,0,0,0,0,0,0,0,0,0,0,0,0,0,0,0,0,0,0,0,0,0,0,0,0,0,0,0,0,0,0,0,0,0,0,0,0,0,0,0,0,0,0,0,0,0,0,0,0,0,0,0,0,0,0,0,0,0,0,0,0,0,0,0,0,0,0,0,0,0,0,0,0,0,0,0,0,0,0,0,0,0,0,0,0,0,0,0,0,0,0,0,0,0,0,0,0,0,0,0,0,0,0,0,0,0,0,0,0,0,0,0,0,0,0,0,0,0,0,0,0,0,0,0,0,0,0,0,0,0,0,0,0,0,0,0,0,0,0,0,0,0,0,0,0,0,0,0,0,0,0,0,0,0,0,0,0,0,0,0,0,0,0,0,0,0,0,0,0,0,0,0,0,0,0,0,0,0,0,0,0,0,0,0,0,0,0,0,0,0,0,0,0,0,0,0,0,0,0,0,0,0,0,0,0,0,0,0,0,0,0,0,0,0,0,0,0,0,0,0,0,0,0,0,0,0,0,0,0,0,0,0,0,0,0,0,0,0,0,0,0,0,0,0,0,0,0,0,0,0,0,0,0,0,0,0,0,0,0,0,0,0,0,0,0,0,0,0,0,0,0,0,0,0,0,0,0,0,0,0,0,0,0,0,0,0,0,0,0,0,0,0,0,0,0,0,0,0,0,0,0,0,0,0,0,0,0,0
0,0,0,0,0,0,0,0,0,0,0,0,0,0,0,0,0,0,0,0,0,0,0,0,0,0,0,0,0,0,0,0,0,0,0,0,0,0,0,0,0,0,0,0,0,0,0,0,0,0,0,0,0,0,0,0,0,0,0,0,0,0,0,0,0,0,0,0,0,0,0,0,0,0,0,0,0,0,0,0,0,0,0,0,0,0,0,0,0,0,0,0,0,0,0,0,0,0,0,0,0,0,0,0,0,0,0,0,0,0,0,0,0,0,0,0,0,0,0,0,0,0,0,0,0,0,0,0,0,0,0,0,0,0,0,0,0,0,0,0,0,0,0,0,0,0,0,0,0,0,0,0,0,0,0,0,0,0,0,0,0,0,0,0,0,0,0,0,0,0,0,0,0,0,0,0,0,0,0,0,0,0,0,0,0,0,0,0,0,0,0,0,0,0,0,0,0,0,0,0,0,0,0,0,0,0,0,0,0,0,0,0,0,0,0,0,0,0,0,0,0,0,0,0,0,0,0,0,0,0,0,0,0,0,0,0,0,0,0,0,0,0,0,0,0,0,0,0,0,0,0,0,0,0,0,0,0,0,0,0,0,0,0,0,0,0,0,0,0,0,0,0,0,0,0,0,0,0,0,0,0,0,0,0,0,0,0,0,0,0,0,0,0,0,0,0,0,0,0,0,0,0,0,0,0,0,0,0,0,0,0,0,0,0,0,0,0,0,0,0,0,0,0,0,0,0,0,0,0,0,0,0,0,0,0,0,0,0,0,0,0,0,0,0,0,0,0,0,0,0,0,0,0,0,0,0,0,0,0,0,0,0,0,0,0,0,0,0,0,0,0,0,0,0,0,0,0,0,0,0,0,0,0,0,0,0,0,0,0,0,0,0,0,0,0,0,0,0,0,0,0,0,0,0,0,0,0,0,0,0,0,0,0,0,0,0,0,0,0,0,0,0,0,0,0,0,0,0,0,0,0,0,0,0,0,0,0,0,0,0,0,0,0,0,0,0,0,0,0,0,0,0,0,0,0,0,0,0,0,0,0,0,0,0,0,0,0,0,0,0,0,0,0,0,0,0,0,0,0,0,0,0,0,0,0,0,0,0,0,0,0,0,0,0,0,0,0,0,0,0
0,0,0,0,0,0,0,0,0,0,0,0,0,0,0,0,0,0,0,0,0,0,0,0,0,0,0,0,0,0,0,0,0,0,0,0,0,0,0,0,0,0,0,0,0,0,0,0,0,0,0,0,0,0,0,0,0,0,0,0,0,0,0,0,0,0,0,0,0,0,0,0,0,0,0,0,0,0,0,0,0,0,0,0,0,0,0,0,0,0,0,0,0,0,0,0,0,0,0,0,0,0,0,0,0,0,0,0,0,0,0,0,0,0,0,0,0,0,0,0,0,0,0,0,0,0,0,0,0,0,0,0,0,0,0,0,0,0,0,0,0,0,0,0,0,0,0,0,0,0,0,0,0,0,0,0,0,0,0,0,0,0,0,0,0,0,0,0,0,0,0,0,0,0,0,0,0,0,0,0,0,0,0,0,0,0,0,0,0,0,0,0,0,0,0,0,0,0,0,0,0,0,0,0,0,0,0,0,0,0,0,0,0,0,0,0,0,0,0,0,0,0,0,0,0,0,0,0,0,0,0,0,0,0,0,0,0,0,0,0,0,0,0,0,0,0,0,0,0,0,0,0,0,0,0,0,0,0,0,0,0,0,0,0,0,0,0,0,0,0,0,0,0,0,0,0,0,0,0,0,0,0,0,0,0,0,0,0,0,0,0,0,0,0,0,0,0,0,0,0,0,0,0,0,0,0,0,0,0,0,0,0,0,0,0,0,0,0,0,0,0,0,0,0,0,0,0,0,0,0,0,0,0,0,0,0,0,0,0,0,0,0,0,0,0,0,0,0,0,0,0,0,0,0,0,0,0,0,0,0,0,0,0,0,0,0,0,0,0,0,0,0,0,0,0,0,0,0,0,0,0,0,0,0,0,0,0,0,0,0,0,0,0,0,0,0,0,0,0,0,0,0,0,0,0,0,0,0,0,0,0,0,0,0,0,0,0,0,0,0,0,0,0,0,0,0,0,0,0,0,0,0,0,0,0,0,0,0,0,0,0,0,0,0,0,0,0,0,0,0,0,0,0,0,0,0,0,0,0,0,0,0,0,0,0,0,0,0,0,0,0,0,0,0,0,0,0,0,0,0,0,0,0,0,0,0,0,0,0,0,0,0,0,0,0,0,0,0,0,0
0,0,0,0,0,0,0,0,0,0,0,0,0,0,0,0,0,0,0,0,0,0,0,0,0,0,0,0,0,0,0,0,0,0,0,0,0,0,0,0,0,0,0,0,0,0,0,0,0,0,0,0,0,0,0,0,0,0,0,0,0,0,0,0,0,0,0,0,0,0,0,0,0,0,0,0,0,0,0,0,0,0,0,0,0,0,0,0,0,0,0,0,0,0,0,0,0,0,0,0,0,0,0,0,0,0,0,0,0,0,0,0,0,0,0,0,0,0,0,0,0,0,0,0,0,0,0,0,0,0,0,0,0,0,0,0,0,0,0,0,0,0,0,0,0,0,0,0,0,0,0,0,0,0,0,0,0,0,0,0,0,0,0,0,0,0,0,0,0,0,0,0,0,0,0,0,0,0,0,0,0,0,0,0,0,0,0,0,0,0,0,0,0,0,0,0,0,0,0,0,0,0,0,0,0,0,0,0,0,0,0,0,0,0,0,0,0,0,0,0,0,0,0,0,0,0,0,0,0,0,0,0,0,0,0,0,0,0,0,0,0,0,0,0,0,0,0,0,0,0,0,0,0,0,0,0,0,0,0,0,0,0,0,0,0,0,0,0,0,0,0,0,0,0,0,0,0,0,0,0,0,0,0,0,0,0,0,0,0,0,0,0,0,0,0,0,0,0,0,0,0,0,0,0,0,0,0,0,0,0,0,0,0,0,0,0,0,0,0,0,0,0,0,0,0,0,0,0,0,0,0,0,0,0,0,0,0,0,0,0,0,0,0,0,0,0,0,0,0,0,0,0,0,0,0,0,0,0,0,0,0,0,0,0,0,0,0,0,0,0,0,0,0,0,0,0,0,0,0,0,0,0,0,0,0,0,0,0,0,0,0,0,0,0,0,0,0,0,0,0,0,0,0,0,0,0,0,0,0,0,0,0,0,0,0,0,0,0,0,0,0,0,0,0,0,0,0,0,0,0,0,0,0,0,0,0,0,0,0,0,0,0,0,0,0,0,0,0,0,0,0,0,0,0,0,0,0,0,0,0,0,0,0,0,0,0,0,0,0,0,0,0,0,0,0,0,0,0,0,0,0,0,0,0,0,0,0,0,0,0,0,0,0,0,0,0,0,0,0,0
0,0,0,0,0,0,0,0,0,0,0,0,0,0,0,0,0,0,0,0,0,0,0,0,0,0,0,0,0,0,0,0,0,0,0,0,0,0,0,0,0,0,0,0,0,0,0,0,0,0,0,0,0,0,0,0,0,0,0,0,0,0,0,0,0,0,0,0,0,0,0,0,0,0,0,0,0,0,0,0,0,0,0,0,0,0,0,0,0,0,0,0,0,0,0,0,0,0,0,0,0,0,0,0,0,0,0,0,0,0,0,0,0,0,0,0,0,0,0,0,0,0,0,0,0,0,0,0,0,0,0,0,0,0,0,0,0,0,0,0,0,0,0,0,0,0,0,0,0,0,0,0,0,0,0,0,0,0,0,0,0,0,0,0,0,0,0,0,0,0,0,0,0,0,0,0,0,0,0,0,0,0,0,0,0,0,0,0,0,0,0,0,0,0,0,0,0,0,0,0,0,0,0,0,0,0,0,0,0,0,0,0,0,0,0,0,0,0,0,0,0,0,0,0,0,0,0,0,0,0,0,0,0,0,0,0,0,0,0,0,0,0,0,0,0,0,0,0,0,0,0,0,0,0,0,0,0,0,0,0,0,0,0,0,0,0,0,0,0,0,0,0,0,0,0,0,0,0,0,0,0,0,0,0,0,0,0,0,0,0,0,0,0,0,0,0,0,0,0,0,0,0,0,0,0,0,0,0,0,0,0,0,0,0,0,0,0,0,0,0,0,0,0,0,0,0,0,0,0,0,0,0,0,0,0,0,0,0,0,0,0,0,0,0,0,0,0,0,0,0,0,0,0,0,0,0,0,0,0,0,0,0,0,0,0,0,0,0,0,0,0,0,0,0,0,0,0,0,0,0,0,0,0,0,0,0,0,0,0,0,0,0,0,0,0,0,0,0,0,0,0,0,0,0,0,0,0,0,0,0,0,0,0,0,0,0,0,0,0,0,0,0,0,0,0,0,0,0,0,0,0,0,0,0,0,0,0,0,0,0,0,0,0,0,0,0,0,0,0,0,0,0,0,0,0,0,0,0,0,0,0,0,0,0,0,0,0,0,0,0,0,0,0,0,0,0,0,0,0,0,0,0,0,0,0,0,0,0,0,0,0,0,0,0,0,0,0,0,0,0
0,0,0,0,0,0,0,0,0,0,0,0,0,0,0,0,0,0,0,0,0,0,0,0,0,0,0,0,0,0,0,0,0,0,0,0,0,0,0,0,0,0,0,0,0,0,0,0,0,0,0,0,0,0,0,0,0,0,0,0,0,0,0,0,0,0,0,0,0,0,0,0,0,0,0,0,0,0,0,0,0,0,0,0,0,0,0,0,0,0,0,0,0,0,0,0,0,0,0,0,0,0,0,0,0,0,0,0,0,0,0,0,0,0,0,0,0,0,0,0,0,0,0,0,0,0,0,0,0,0,0,0,0,0,0,0,0,0,0,0,0,0,0,0,0,0,0,0,0,0,0,0,0,0,0,0,0,0,0,0,0,0,0,0,0,0,0,0,0,0,0,0,0,0,0,0,0,0,0,0,0,0,0,0,0,0,0,0,0,0,0,0,0,0,0,0,0,0,0,0,0,0,0,0,0,0,0,0,0,0,0,0,0,0,0,0,0,0,0,0,0,0,0,0,0,0,0,0,0,0,0,0,0,0,0,0,0,0,0,0,0,0,0,0,0,0,0,0,0,0,0,0,0,0,0,0,0,0,0,0,0,0,0,0,0,0,0,0,0,0,0,0,0,0,0,0,0,0,0,0,0,0,0,0,0,0,0,0,0,0,0,0,0,0,0,0,0,0,0,0,0,0,0,0,0,0,0,0,0,0,0,0,0,0,0,0,0,0,0,0,0,0,0,0,0,0,0,0,0,0,0,0,0,0,0,0,0,0,0,0,0,0,0,0,0,0,0,0,0,0,0,0,0,0,0,0,0,0,0,0,0,0,0,0,0,0,0,0,0,0,0,0,0,0,0,0,0,0,0,0,0,0,0,0,0,0,0,0,0,0,0,0,0,0,0,0,0,0,0,0,0,0,0,0,0,0,0,0,0,0,0,0,0,0,0,0,0,0,0,0,0,0,0,0,0,0,0,0,0,0,0,0,0,0,0,0,0,0,0,0,0,0,0,0,0,0,0,0,0,0,0,0,0,0,0,0,0,0,0,0,0,0,0,0,0,0,0,0,0,0,0,0,0,0,0,0,0,0,0,0,0,0,0,0,0,0,0,0,0,0,0,0,0,0,0,0,0,0,0,0
0,0,0,0,0,0,0,0,0,0,0,0,0,0,0,0,0,0,0,0,0,0,0,0,0,0,0,0,0,0,0,0,0,0,0,0,0,0,0,0,0,0,0,0,0,0,0,0,0,0,0,0,0,0,0,0,0,0,0,0,0,0,0,0,0,0,0,0,0,0,0,0,0,0,0,0,0,0,0,0,0,0,0,0,0,0,0,0,0,0,0,0,0,0,0,0,0,0,0,0,0,0,0,0,0,0,0,0,0,0,0,0,0,0,0,0,0,0,0,0,0,0,0,0,0,0,0,0,0,0,0,0,0,0,0,0,0,0,0,0,0,0,0,0,0,0,0,0,0,0,0,0,0,0,0,0,0,0,0,0,0,0,0,0,0,0,0,0,0,0,0,0,0,0,0,0,0,0,0,0,0,0,0,0,0,0,0,0,0,0,0,0,0,0,0,0,0,0,0,0,0,0,0,0,0,0,0,0,0,0,0,0,0,0,0,0,0,0,0,0,0,0,0,0,0,0,0,0,0,0,0,0,0,0,0,0,0,0,0,0,0,0,0,0,0,0,0,0,0,0,0,0,0,0,0,0,0,0,0,0,0,0,0,0,0,0,0,0,0,0,0,0,0,0,0,0,0,0,0,0,0,0,0,0,0,0,0,0,0,0,0,0,0,0,0,0,0,0,0,0,0,0,0,0,0,0,0,0,0,0,0,0,0,0,0,0,0,0,0,0,0,0,0,0,0,0,0,0,0,0,0,0,0,0,0,0,0,0,0,0,0,0,0,0,0,0,0,0,0,0,0,0,0,0,0,0,0,0,0,0,0,0,0,0,0,0,0,0,0,0,0,0,0,0,0,0,0,0,0,0,0,0,0,0,0,0,0,0,0,0,0,0,0,0,0,0,0,0,0,0,0,0,0,0,0,0,0,0,0,0,0,0,0,0,0,0,0,0,0,0,0,0,0,0,0,0,0,0,0,0,0,0,0,0,0,0,0,0,0,0,0,0,0,0,0,0,0,0,0,0,0,0,0,0,0,0,0,0,0,0,0,0,0,0,0,0,0,0,0,0,0,0,0,0,0,0,0,0,0,0,0,0,0,0,0,0,0,0,0,0,0,0,0,0,0,0,0,0,0,0
0,0,0,0,0,0,0,0,0,0,0,0,0,0,0,0,0,0,0,0,0,0,0,0,0,0,0,0,0,0,0,0,0,0,0,0,0,0,0,0,0,0,0,0,0,0,0,0,0,0,0,0,0,0,0,0,0,0,0,0,0,0,0,0,0,0,0,0,0,0,0,0,0,0,0,0,0,0,0,0,0,0,0,0,0,0,0,0,0,0,0,0,0,0,0,0,0,0,0,0,0,0,0,0,0,0,0,0,0,0,0,0,0,0,0,0,0,0,0,0,0,0,0,0,0,0,0,0,0,0,0,0,0,0,0,0,0,0,0,0,0,0,0,0,0,0,0,0,0,0,0,0,0,0,0,0,0,0,0,0,0,0,0,0,0,0,0,0,0,0,0,0,0,0,0,0,0,0,0,0,0,0,0,0,0,0,0,0,0,0,0,0,0,0,0,0,0,0,0,0,0,0,0,0,0,0,0,0,0,0,0,0,0,0,0,0,0,0,0,0,0,0,0,0,0,0,0,0,0,0,0,0,0,0,0,0,0,0,0,0,0,0,0,0,0,0,0,0,0,0,0,0,0,0,0,0,0,0,0,0,0,0,0,0,0,0,0,0,0,0,0,0,0,0,0,0,0,0,0,0,0,0,0,0,0,0,0,0,0,0,0,0,0,0,0,0,0,0,0,0,0,0,0,0,0,0,0,0,0,0,0,0,0,0,0,0,0,0,0,0,0,0,0,0,0,0,0,0,0,0,0,0,0,0,0,0,0,0,0,0,0,0,0,0,0,0,0,0,0,0,0,0,0,0,0,0,0,0,0,0,0,0,0,0,0,0,0,0,0,0,0,0,0,0,0,0,0,0,0,0,0,0,0,0,0,0,0,0,0,0,0,0,0,0,0,0,0,0,0,0,0,0,0,0,0,0,0,0,0,0,0,0,0,0,0,0,0,0,0,0,0,0,0,0,0,0,0,0,0,0,0,0,0,0,0,0,0,0,0,0,0,0,0,0,0,0,0,0,0,0,0,0,0,0,0,0,0,0,0,0,0,0,0,0,0,0,0,0,0,0,0,0,0,0,0,0,0,0,0,0,0,0,0,0,0,0,0,0,0,0,0,0,0,0,0,0,0,0,0,0
0,0,0,0,0,0,0,0,0,0,0,0,0,0,0,0,0,0,0,0,0,0,0,0,0,0,0,0,0,0,0,0,0,0,0,0,0,0,0,0,0,0,0,0,0,0,0,0,0,0,0,0,0,0,0,0,0,0,0,0,0,0,0,0,0,0,0,0,0,0,0,0,0,0,0,0,0,0,0,0,0,0,0,0,0,0,0,0,0,0,0,0,0,0,0,0,0,0,0,0,0,0,0,0,0,0,0,0,0,0,0,0,0,0,0,0,0,0,0,0,0,0,0,0,0,0,0,0,0,0,0,0,0,0,0,0,0,0,0,0,0,0,0,0,0,0,0,0,0,0,0,0,0,0,0,0,0,0,0,0,0,0,0,0,0,0,0,0,0,0,0,0,0,0,0,0,0,0,0,0,0,0,0,0,0,0,0,0,0,0,0,0,0,0,0,0,0,0,0,0,0,0,0,0,0,0,0,0,0,0,0,0,0,0,0,0,0,0,0,0,0,0,0,0,0,0,0,0,0,0,0,0,0,0,0,0,0,0,0,0,0,0,0,0,0,0,0,0,0,0,0,0,0,0,0,0,0,0,0,0,0,0,0,0,0,0,0,0,0,0,0,0,0,0,0,0,0,0,0,0,0,0,0,0,0,0,0,0,0,0,0,0,0,0,0,0,0,0,0,0,0,0,0,0,0,0,0,0,0,0,0,0,0,0,0,0,0,0,0,0,0,0,0,0,0,0,0,0,0,0,0,0,0,0,0,0,0,0,0,0,0,0,0,0,0,0,0,0,0,0,0,0,0,0,0,0,0,0,0,0,0,0,0,0,0,0,0,0,0,0,0,0,0,0,0,0,0,0,0,0,0,0,0,0,0,0,0,0,0,0,0,0,0,0,0,0,0,0,0,0,0,0,0,0,0,0,0,0,0,0,0,0,0,0,0,0,0,0,0,0,0,0,0,0,0,0,0,0,0,0,0,0,0,0,0,0,0,0,0,0,0,0,0,0,0,0,0,0,0,0,0,0,0,0,0,0,0,0,0,0,0,0,0,0,0,0,0,0,0,0,0,0,0,0,0,0,0,0,0,0,0,0,0,0,0,0,0,0,0,0,0,0,0,0,0,0,0,0,0,0
0,0,0,0,0,0,0,0,0,0,0,0,0,0,0,0,0,0,0,0,0,0,0,0,0,0,0,0,0,0,0,0,0,0,0,0,0,0,0,0,0,0,0,0,0,0,0,0,0,0,0,0,0,0,0,0,0,0,0,0,0,0,0,0,0,0,0,0,0,0,0,0,0,0,0,0,0,0,0,0,0,0,0,0,0,0,0,0,0,0,0,0,0,0,0,0,0,0,0,0,0,0,0,0,0,0,0,0,0,0,0,0,0,0,0,0,0,0,0,0,0,0,0,0,0,0,0,0,0,0,0,0,0,0,0,0,0,0,0,0,0,0,0,0,0,0,0,0,0,0,0,0,0,0,0,0,0,0,0,0,0,0,0,0,0,0,0,0,0,0,0,0,0,0,0,0,0,0,0,0,0,0,0,0,0,0,0,0,0,0,0,0,0,0,0,0,0,0,0,0,0,0,0,0,0,0,0,0,0,0,0,0,0,0,0,0,0,0,0,0,0,0,0,0,0,0,0,0,0,0,0,0,0,0,0,0,0,0,0,0,0,0,0,0,0,0,0,0,0,0,0,0,0,0,0,0,0,0,0,0,0,0,0,0,0,0,0,0,0,0,0,0,0,0,0,0,0,0,0,0,0,0,0,0,0,0,0,0,0,0,0,0,0,0,0,0,0,0,0,0,0,0,0,0,0,0,0,0,0,0,0,0,0,0,0,0,0,0,0,0,0,0,0,0,0,0,0,0,0,0,0,0,0,0,0,0,0,0,0,0,0,0,0,0,0,0,0,0,0,0,0,0,0,0,0,0,0,0,0,0,0,0,0,0,0,0,0,0,0,0,0,0,0,0,0,0,0,0,0,0,0,0,0,0,0,0,0,0,0,0,0,0,0,0,0,0,0,0,0,0,0,0,0,0,0,0,0,0,0,0,0,0,0,0,0,0,0,0,0,0,0,0,0,0,0,0,0,0,0,0,0,0,0,0,0,0,0,0,0,0,0,0,0,0,0,0,0,0,0,0,0,0,0,0,0,0,0,0,0,0,0,0,0,0,0,0,0,0,0,0,0,0,0,0,0,0,0,0,0,0,0,0,0,0,0,0,0,0,0,0,0,0,0,0,0,0,0,0,0,0
0,0,0,0,0,0,0,0,0,0,0,0,0,0,0,0,0,0,0,0,0,0,0,0,0,0,0,0,0,0,0,0,0,0,0,0,0,0,0,0,0,0,0,0,0,0,0,0,0,0,0,0,0,0,0,0,0,0,0,0,0,0,0,0,0,0,0,0,0,0,0,0,0,0,0,0,0,0,0,0,0,0,0,0,0,0,0,0,0,0,0,0,0,0,0,0,0,0,0,0,0,0,0,0,0,0,0,0,0,0,0,0,0,0,0,0,0,0,0,0,0,0,0,0,0,0,0,0,0,0,0,0,0,0,0,0,0,0,0,0,0,0,0,0,0,0,0,0,0,0,0,0,0,0,0,0,0,0,0,0,0,0,0,0,0,0,0,0,0,0,0,0,0,0,0,0,0,0,0,0,0,0,0,0,0,0,0,0,0,0,0,0,0,0,0,0,0,0,0,0,0,0,0,0,0,0,0,0,0,0,0,0,0,0,0,0,0,0,0,0,0,0,0,0,0,0,0,0,0,0,0,0,0,0,0,0,0,0,0,0,0,0,0,0,0,0,0,0,0,0,0,0,0,0,0,0,0,0,0,0,0,0,0,0,0,0,0,0,0,0,0,0,0,0,0,0,0,0,0,0,0,0,0,0,0,0,0,0,0,0,0,0,0,0,0,0,0,0,0,0,0,0,0,0,0,0,0,0,0,0,0,0,0,0,0,0,0,0,0,0,0,0,0,0,0,0,0,0,0,0,0,0,0,0,0,0,0,0,0,0,0,0,0,0,0,0,0,0,0,0,0,0,0,0,0,0,0,0,0,0,0,0,0,0,0,0,0,0,0,0,0,0,0,0,0,0,0,0,0,0,0,0,0,0,0,0,0,0,0,0,0,0,0,0,0,0,0,0,0,0,0,0,0,0,0,0,0,0,0,0,0,0,0,0,0,0,0,0,0,0,0,0,0,0,0,0,0,0,0,0,0,0,0,0,0,0,0,0,0,0,0,0,0,0,0,0,0,0,0,0,0,0,0,0,0,0,0,0,0,0,0,0,0,0,0,0,0,0,0,0,0,0,0,0,0,0,0,0,0,0,0,0,0,0,0,0,0,0,0,0,0,0,0,0,0,0,0,0,0,0
0,0,0,0,0,0,0,0,0,0,0,0,0,0,0,0,0,0,0,0,0,0,0,0,0,0,0,0,0,0,0,0,0,0,0,0,0,0,0,0,0,0,0,0,0,0,0,0,0,0,0,0,0,0,0,0,0,0,0,0,0,0,0,0,0,0,0,0,0,0,0,0,0,0,0,0,0,0,0,0,0,0,0,0,0,0,0,0,0,0,0,0,0,0,0,0,0,0,0,0,0,0,0,0,0,0,0,0,0,0,0,0,0,0,0,0,0,0,0,0,0,0,0,0,0,0,0,0,0,0,0,0,0,0,0,0,0,0,0,0,0,0,0,0,0,0,0,0,0,0,0,0,0,0,0,0,0,0,0,0,0,0,0,0,0,0,0,0,0,0,0,0,0,0,0,0,0,0,0,0,0,0,0,0,0,0,0,0,0,0,0,0,0,0,0,0,0,0,0,0,0,0,0,0,0,0,0,0,0,0,0,0,0,0,0,0,0,0,0,0,0,0,0,0,0,0,0,0,0,0,0,0,0,0,0,0,0,0,0,0,0,0,0,0,0,0,0,0,0,0,0,0,0,0,0,0,0,0,0,0,0,0,0,0,0,0,0,0,0,0,0,0,0,0,0,0,0,0,0,0,0,0,0,0,0,0,0,0,0,0,0,0,0,0,0,0,0,0,0,0,0,0,0,0,0,0,0,0,0,0,0,0,0,0,0,0,0,0,0,0,0,0,0,0,0,0,0,0,0,0,0,0,0,0,0,0,0,0,0,0,0,0,0,0,0,0,0,0,0,0,0,0,0,0,0,0,0,0,0,0,0,0,0,0,0,0,0,0,0,0,0,0,0,0,0,0,0,0,0,0,0,0,0,0,0,0,0,0,0,0,0,0,0,0,0,0,0,0,0,0,0,0,0,0,0,0,0,0,0,0,0,0,0,0,0,0,0,0,0,0,0,0,0,0,0,0,0,0,0,0,0,0,0,0,0,0,0,0,0,0,0,0,0,0,0,0,0,0,0,0,0,0,0,0,0,0,0,0,0,0,0,0,0,0,0,0,0,0,0,0,0,0,0,0,0,0,0,0,0,0,0,0,0,0,0,0,0,0,0,0,0,0,0,0,0,0,0,0,0,0
0,0,0,0,0,0,0,0,0,0,0,0,0,0,0,0,0,0,0,0,0,0,0,0,0,0,0,0,0,0,0,0,0,0,0,0,0,0,0,0,0,0,0,0,0,0,0,0,0,0,0,0,0,0,0,0,0,0,0,0,0,0,0,0,0,0,0,0,0,0,0,0,0,0,0,0,0,0,0,0,0,0,0,0,0,0,0,0,0,0,0,0,0,0,0,0,0,0,0,0,0,0,0,0,0,0,0,0,0,0,0,0,0,0,0,0,0,0,0,0,0,0,0,0,0,0,0,0,0,0,0,0,0,0,0,0,0,0,0,0,0,0,0,0,0,0,0,0,0,0,0,0,0,0,0,0,0,0,0,0,0,0,0,0,0,0,0,0,0,0,0,0,0,0,0,0,0,0,0,0,0,0,0,0,0,0,0,0,0,0,0,0,0,0,0,0,0,0,0,0,0,0,0,0,0,0,0,0,0,0,0,0,0,0,0,0,0,0,0,0,0,0,0,0,0,0,0,0,0,0,0,0,0,0,0,0,0,0,0,0,0,0,0,0,0,0,0,0,0,0,0,0,0,0,0,0,0,0,0,0,0,0,0,0,0,0,0,0,0,0,0,0,0,0,0,0,0,0,0,0,0,0,0,0,0,0,0,0,0,0,0,0,0,0,0,0,0,0,0,0,0,0,0,0,0,0,0,0,0,0,0,0,0,0,0,0,0,0,0,0,0,0,0,0,0,0,0,0,0,0,0,0,0,0,0,0,0,0,0,0,0,0,0,0,0,0,0,0,0,0,0,0,0,0,0,0,0,0,0,0,0,0,0,0,0,0,0,0,0,0,0,0,0,0,0,0,0,0,0,0,0,0,0,0,0,0,0,0,0,0,0,0,0,0,0,0,0,0,0,0,0,0,0,0,0,0,0,0,0,0,0,0,0,0,0,0,0,0,0,0,0,0,0,0,0,0,0,0,0,0,0,0,0,0,0,0,0,0,0,0,0,0,0,0,0,0,0,0,0,0,0,0,0,0,0,0,0,0,0,0,0,0,0,0,0,0,0,0,0,0,0,0,0,0,0,0,0,0,0,0,0,0,0,0,0,0,0,0,0,0,0,0,0,0,0,0,0,0,0,0
0,0,0,0,0,0,0,0,0,0,0,0,0,0,0,0,0,0,0,0,0,0,0,0,0,0,0,0,0,0,0,0,0,0,0,0,0,0,0,0,0,0,0,0,0,0,0,0,0,0,0,0,0,0,0,0,0,0,0,0,0,0,0,0,0,0,0,0,0,0,0,0,0,0,0,0,0,0,0,0,0,0,0,0,0,0,0,0,0,0,0,0,0,0,0,0,0,0,0,0,0,0,0,0,0,0,0,0,0,0,0,0,0,0,0,0,0,0,0,0,0,0,0,0,0,0,0,0,0,0,0,0,0,0,0,0,0,0,0,0,0,0,0,0,0,0,0,0,0,0,0,0,0,0,0,0,0,0,0,0,0,0,0,0,0,0,0,0,0,0,0,0,0,0,0,0,0,0,0,0,0,0,0,0,0,0,0,0,0,0,0,0,0,0,0,0,0,0,0,0,0,0,0,0,0,0,0,0,0,0,0,0,0,0,0,0,0,0,0,0,0,0,0,0,0,0,0,0,0,0,0,0,0,0,0,0,0,0,0,0,0,0,0,0,0,0,0,0,0,0,0,0,0,0,0,0,0,0,0,0,0,0,0,0,0,0,0,0,0,0,0,0,0,0,0,0,0,0,0,0,0,0,0,0,0,0,0,0,0,0,0,0,0,0,0,0,0,0,0,0,0,0,0,0,0,0,0,0,0,0,0,0,0,0,0,0,0,0,0,0,0,0,0,0,0,0,0,0,0,0,0,0,0,0,0,0,0,0,0,0,0,0,0,0,0,0,0,0,0,0,0,0,0,0,0,0,0,0,0,0,0,0,0,0,0,0,0,0,0,0,0,0,0,0,0,0,0,0,0,0,0,0,0,0,0,0,0,0,0,0,0,0,0,0,0,0,0,0,0,0,0,0,0,0,0,0,0,0,0,0,0,0,0,0,0,0,0,0,0,0,0,0,0,0,0,0,0,0,0,0,0,0,0,0,0,0,0,0,0,0,0,0,0,0,0,0,0,0,0,0,0,0,0,0,0,0,0,0,0,0,0,0,0,0,0,0,0,0,0,0,0,0,0,0,0,0,0,0,0,0,0,0,0,0,0,0,0,0,0,0,0,0,0,0,0,0,0,0,0,0
0,0,0,0,0,0,0,0,0,0,0,0,0,0,0,0,0,0,0,0,0,0,0,0,0,0,0,0,0,0,0,0,0,0,0,0,0,0,0,0,0,0,0,0,0,0,0,0,0,0,0,0,0,0,0,0,0,0,0,0,0,0,0,0,0,0,0,0,0,0,0,0,0,0,0,0,0,0,0,0,0,0,0,0,0,0,0,0,0,0,0,0,0,0,0,0,0,0,0,0,0,0,0,0,0,0,0,0,0,0,0,0,0,0,0,0,0,0,0,0,0,0,0,0,0,0,0,0,0,0,0,0,0,0,0,0,0,0,0,0,0,0,0,0,0,0,0,0,0,0,0,0,0,0,0,0,0,0,0,0,0,0,0,0,0,0,0,0,0,0,0,0,0,0,0,0,0,0,0,0,0,0,0,0,0,0,0,0,0,0,0,0,0,0,0,0,0,0,0,0,0,0,0,0,0,0,0,0,0,0,0,0,0,0,0,0,0,0,0,0,0,0,0,0,0,0,0,0,0,0,0,0,0,0,0,0,0,0,0,0,0,0,0,0,0,0,0,0,0,0,0,0,0,0,0,0,0,0,0,0,0,0,0,0,0,0,0,0,0,0,0,0,0,0,0,0,0,0,0,0,0,0,0,0,0,0,0,0,0,0,0,0,0,0,0,0,0,0,0,0,0,0,0,0,0,0,0,0,0,0,0,0,0,0,0,0,0,0,0,0,0,0,0,0,0,0,0,0,0,0,0,0,0,0,0,0,0,0,0,0,0,0,0,0,0,0,0,0,0,0,0,0,0,0,0,0,0,0,0,0,0,0,0,0,0,0,0,0,0,0,0,0,0,0,0,0,0,0,0,0,0,0,0,0,0,0,0,0,0,0,0,0,0,0,0,0,0,0,0,0,0,0,0,0,0,0,0,0,0,0,0,0,0,0,0,0,0,0,0,0,0,0,0,0,0,0,0,0,0,0,0,0,0,0,0,0,0,0,0,0,0,0,0,0,0,0,0,0,0,0,0,0,0,0,0,0,0,0,0,0,0,0,0,0,0,0,0,0,0,0,0,0,0,0,0,0,0,0,0,0,0,0,0,0,0,0,0,0,0,0,0,0,0,0,0,0,0,0,0,0
0,0,0,0,0,0,0,0,0,0,0,0,0,0,0,0,0,0,0,0,0,0,0,0,0,0,0,0,0,0,0,0,0,0,0,0,0,0,0,0,0,0,0,0,0,0,0,0,0,0,0,0,0,0,0,0,0,0,0,0,0,0,0,0,0,0,0,0,0,0,0,0,0,0,0,0,0,0,0,0,0,0,0,0,0,0,0,0,0,0,0,0,0,0,0,0,0,0,0,0,0,0,0,0,0,0,0,0,0,0,0,0,0,0,0,0,0,0,0,0,0,0,0,0,0,0,0,0,0,0,0,0,0,0,0,0,0,0,0,0,0,0,0,0,0,0,0,0,0,0,0,0,0,0,0,0,0,0,0,0,0,0,0,0,0,0,0,0,0,0,0,0,0,0,0,0,0,0,0,0,0,0,0,0,0,0,0,0,0,0,0,0,0,0,0,0,0,0,0,0,0,0,0,0,0,0,0,0,0,0,0,0,0,0,0,0,0,0,0,0,0,0,0,0,0,0,0,0,0,0,0,0,0,0,0,0,0,0,0,0,0,0,0,0,0,0,0,0,0,0,0,0,0,0,0,0,0,0,0,0,0,0,0,0,0,0,0,0,0,0,0,0,0,0,0,0,0,0,0,0,0,0,0,0,0,0,0,0,0,0,0,0,0,0,0,0,0,0,0,0,0,0,0,0,0,0,0,0,0,0,0,0,0,0,0,0,0,0,0,0,0,0,0,0,0,0,0,0,0,0,0,0,0,0,0,0,0,0,0,0,0,0,0,0,0,0,0,0,0,0,0,0,0,0,0,0,0,0,0,0,0,0,0,0,0,0,0,0,0,0,0,0,0,0,0,0,0,0,0,0,0,0,0,0,0,0,0,0,0,0,0,0,0,0,0,0,0,0,0,0,0,0,0,0,0,0,0,0,0,0,0,0,0,0,0,0,0,0,0,0,0,0,0,0,0,0,0,0,0,0,0,0,0,0,0,0,0,0,0,0,0,0,0,0,0,0,0,0,0,0,0,0,0,0,0,0,0,0,0,0,0,0,0,0,0,0,0,0,0,0,0,0,0,0,0,0,0,0,0,0,0,0,0,0,0,0,0,0,0,0,0,0,0,0,0,0,0,0,0,0
0,0,0,0,0,0,0,0,0,0,0,0,0,0,0,0,0,0,0,0,0,0,0,0,0,0,0,0,0,0,0,0,0,0,0,0,0,0,0,0,0,0,0,0,0,0,0,0,0,0,0,0,0,0,0,0,0,0,0,0,0,0,0,0,0,0,0,0,0,0,0,0,0,0,0,0,0,0,0,0,0,0,0,0,0,0,0,0,0,0,0,0,0,0,0,0,0,0,0,0,0,0,0,0,0,0,0,0,0,0,0,0,0,0,0,0,0,0,0,0,0,0,0,0,0,0,0,0,0,0,0,0,0,0,0,0,0,0,0,0,0,0,0,0,0,0,0,0,0,0,0,0,0,0,0,0,0,0,0,0,0,0,0,0,0,0,0,0,0,0,0,0,0,0,0,0,0,0,0,0,0,0,0,0,0,0,0,0,0,0,0,0,0,0,0,0,0,0,0,0,0,0,0,0,0,0,0,0,0,0,0,0,0,0,0,0,0,0,0,0,0,0,0,0,0,0,0,0,0,0,0,0,0,0,0,0,0,0,0,0,0,0,0,0,0,0,0,0,0,0,0,0,0,0,0,0,0,0,0,0,0,0,0,0,0,0,0,0,0,0,0,0,0,0,0,0,0,0,0,0,0,0,0,0,0,0,0,0,0,0,0,0,0,0,0,0,0,0,0,0,0,0,0,0,0,0,0,0,0,0,0,0,0,0,0,0,0,0,0,0,0,0,0,0,0,0,0,0,0,0,0,0,0,0,0,0,0,0,0,0,0,0,0,0,0,0,0,0,0,0,0,0,0,0,0,0,0,0,0,0,0,0,0,0,0,0,0,0,0,0,0,0,0,0,0,0,0,0,0,0,0,0,0,0,0,0,0,0,0,0,0,0,0,0,0,0,0,0,0,0,0,0,0,0,0,0,0,0,0,0,0,0,0,0,0,0,0,0,0,0,0,0,0,0,0,0,0,0,0,0,0,0,0,0,0,0,0,0,0,0,0,0,0,0,0,0,0,0,0,0,0,0,0,0,0,0,0,0,0,0,0,0,0,0,0,0,0,0,0,0,0,0,0,0,0,0,0,0,0,0,0,0,0,0,0,0,0,0,0,0,0,0,0,0,0,0,0,0,0,0
0,0,0,0,0,0,0,0,0,0,0,0,0,0,0,0,0,0,0,0,0,0,0,0,0,0,0,0,0,0,0,0,0,0,0,0,0,0,0,0,0,0,0,0,0,0,0,0,0,0,0,0,0,0,0,0,0,0,0,0,0,0,0,0,0,0,0,0,0,0,0,0,0,0,0,0,0,0,0,0,0,0,0,0,0,0,0,0,0,0,0,0,0,0,0,0,0,0,0,0,0,0,0,0,0,0,0,0,0,0,0,0,0,0,0,0,0,0,0,0,0,0,0,0,0,0,0,0,0,0,0,0,0,0,0,0,0,0,0,0,0,0,0,0,0,0,0,0,0,0,0,0,0,0,0,0,0,0,0,0,0,0,0,0,0,0,0,0,0,0,0,0,0,0,0,0,0,0,0,0,0,0,0,0,0,0,0,0,0,0,0,0,0,0,0,0,0,0,0,0,0,0,0,0,0,0,0,0,0,0,0,0,0,0,0,0,0,0,0,0,0,0,0,0,0,0,0,0,0,0,0,0,0,0,0,0,0,0,0,0,0,0,0,0,0,0,0,0,0,0,0,0,0,0,0,0,0,0,0,0,0,0,0,0,0,0,0,0,0,0,0,0,0,0,0,0,0,0,0,0,0,0,0,0,0,0,0,0,0,0,0,0,0,0,0,0,0,0,0,0,0,0,0,0,0,0,0,0,0,0,0,0,0,0,0,0,0,0,0,0,0,0,0,0,0,0,0,0,0,0,0,0,0,0,0,0,0,0,0,0,0,0,0,0,0,0,0,0,0,0,0,0,0,0,0,0,0,0,0,0,0,0,0,0,0,0,0,0,0,0,0,0,0,0,0,0,0,0,0,0,0,0,0,0,0,0,0,0,0,0,0,0,0,0,0,0,0,0,0,0,0,0,0,0,0,0,0,0,0,0,0,0,0,0,0,0,0,0,0,0,0,0,0,0,0,0,0,0,0,0,0,0,0,0,0,0,0,0,0,0,0,0,0,0,0,0,0,0,0,0,0,0,0,0,0,0,0,0,0,0,0,0,0,0,0,0,0,0,0,0,0,0,0,0,0,0,0,0,0,0,0,0,0,0,0,0,0,0,0,0,0,0,0,0,0,0,0,0,0,0
0,0,0,0,0,0,0,0,0,0,0,0,0,0,0,0,0,0,0,0,0,0,0,0,0,0,0,0,0,0,0,0,0,0,0,0,0,0,0,0,0,0,0,0,0,0,0,0,0,0,0,0,0,0,0,0,0,0,0,0,0,0,0,0,0,0,0,0,0,0,0,0,0,0,0,0,0,0,0,0,0,0,0,0,0,0,0,0,0,0,0,0,0,0,0,0,0,0,0,0,0,0,0,0,0,0,0,0,0,0,0,0,0,0,0,0,0,0,0,0,0,0,0,0,0,0,0,0,0,0,0,0,0,0,0,0,0,0,0,0,0,0,0,0,0,0,0,0,0,0,0,0,0,0,0,0,0,0,0,0,0,0,0,0,0,0,0,0,0,0,0,0,0,0,0,0,0,0,0,0,0,0,0,0,0,0,0,0,0,0,0,0,0,0,0,0,0,0,0,0,0,0,0,0,0,0,0,0,0,0,0,0,0,0,0,0,0,0,0,0,0,0,0,0,0,0,0,0,0,0,0,0,0,0,0,0,0,0,0,0,0,0,0,0,0,0,0,0,0,0,0,0,0,0,0,0,0,0,0,0,0,0,0,0,0,0,0,0,0,0,0,0,0,0,0,0,0,0,0,0,0,0,0,0,0,0,0,0,0,0,0,0,0,0,0,0,0,0,0,0,0,0,0,0,0,0,0,0,0,0,0,0,0,0,0,0,0,0,0,0,0,0,0,0,0,0,0,0,0,0,0,0,0,0,0,0,0,0,0,0,0,0,0,0,0,0,0,0,0,0,0,0,0,0,0,0,0,0,0,0,0,0,0,0,0,0,0,0,0,0,0,0,0,0,0,0,0,0,0,0,0,0,0,0,0,0,0,0,0,0,0,0,0,0,0,0,0,0,0,0,0,0,0,0,0,0,0,0,0,0,0,0,0,0,0,0,0,0,0,0,0,0,0,0,0,0,0,0,0,0,0,0,0,0,0,0,0,0,0,0,0,0,0,0,0,0,0,0,0,0,0,0,0,0,0,0,0,0,0,0,0,0,0,0,0,0,0,0,0,0,0,0,0,0,0,0,0,0,0,0,0,0,0,0,0,0,0,0,0,0,0,0,0,0,0,0,0,0,0,0
0,0,0,0,0,0,0,0,0,0,0,0,0,0,0,0,0,0,0,0,0,0,0,0,0,0,0,0,0,0,0,0,0,0,0,0,0,0,0,0,0,0,0,0,0,0,0,0,0,0,0,0,0,0,0,0,0,0,0,0,0,0,0,0,0,0,0,0,0,0,0,0,0,0,0,0,0,0,0,0,0,0,0,0,0,0,0,0,0,0,0,0,0,0,0,0,0,0,0,0,0,0,0,0,0,0,0,0,0,0,0,0,0,0,0,0,0,0,0,0,0,0,0,0,0,0,0,0,0,0,0,0,0,0,0,0,0,0,0,0,0,0,0,0,0,0,0,0,0,0,0,0,0,0,0,0,0,0,0,0,0,0,0,0,0,0,0,0,0,0,0,0,0,0,0,0,0,0,0,0,0,0,0,0,0,0,0,0,0,0,0,0,0,0,0,0,0,0,0,0,0,0,0,0,0,0,0,0,0,0,0,0,0,0,0,0,0,0,0,0,0,0,0,0,0,0,0,0,0,0,0,0,0,0,0,0,0,0,0,0,0,0,0,0,0,0,0,0,0,0,0,0,0,0,0,0,0,0,0,0,0,0,0,0,0,0,0,0,0,0,0,0,0,0,0,0,0,0,0,0,0,0,0,0,0,0,0,0,0,0,0,0,0,0,0,0,0,0,0,0,0,0,0,0,0,0,0,0,0,0,0,0,0,0,0,0,0,0,0,0,0,0,0,0,0,0,0,0,0,0,0,0,0,0,0,0,0,0,0,0,0,0,0,0,0,0,0,0,0,0,0,0,0,0,0,0,0,0,0,0,0,0,0,0,0,0,0,0,0,0,0,0,0,0,0,0,0,0,0,0,0,0,0,0,0,0,0,0,0,0,0,0,0,0,0,0,0,0,0,0,0,0,0,0,0,0,0,0,0,0,0,0,0,0,0,0,0,0,0,0,0,0,0,0,0,0,0,0,0,0,0,0,0,0,0,0,0,0,0,0,0,0,0,0,0,0,0,0,0,0,0,0,0,0,0,0,0,0,0,0,0,0,0,0,0,0,0,0,0,0,0,0,0,0,0,0,0,0,0,0,0,0,0,0,0,0,0,0,0,0,0,0,0,0,0,0,0,0,0,0
0,0,0,0,0,0,0,0,0,0,0,0,0,0,0,0,0,0,0,0,0,0,0,0,0,0,0,0,0,0,0,0,0,0,0,0,0,0,0,0,0,0,0,0,0,0,0,0,0,0,0,0,0,0,0,0,0,0,0,0,0,0,0,0,0,0,0,0,0,0,0,0,0,0,0,0,0,0,0,0,0,0,0,0,0,0,0,0,0,0,0,0,0,0,0,0,0,0,0,0,0,0,0,0,0,0,0,0,0,0,0,0,0,0,0,0,0,0,0,0,0,0,0,0,0,0,0,0,0,0,0,0,0,0,0,0,0,0,0,0,0,0,0,0,0,0,0,0,0,0,0,0,0,0,0,0,0,0,0,0,0,0,0,0,0,0,0,0,0,0,0,0,0,0,0,0,0,0,0,0,0,0,0,0,0,0,0,0,0,0,0,0,0,0,0,0,0,0,0,0,0,0,0,0,0,0,0,0,0,0,0,0,0,0,0,0,0,0,0,0,0,0,0,0,0,0,0,0,0,0,0,0,0,0,0,0,0,0,0,0,0,0,0,0,0,0,0,0,0,0,0,0,0,0,0,0,0,0,0,0,0,0,0,0,0,0,0,0,0,0,0,0,0,0,0,0,0,0,0,0,0,0,0,0,0,0,0,0,0,0,0,0,0,0,0,0,0,0,0,0,0,0,0,0,0,0,0,0,0,0,0,0,0,0,0,0,0,0,0,0,0,0,0,0,0,0,0,0,0,0,0,0,0,0,0,0,0,0,0,0,0,0,0,0,0,0,0,0,0,0,0,0,0,0,0,0,0,0,0,0,0,0,0,0,0,0,0,0,0,0,0,0,0,0,0,0,0,0,0,0,0,0,0,0,0,0,0,0,0,0,0,0,0,0,0,0,0,0,0,0,0,0,0,0,0,0,0,0,0,0,0,0,0,0,0,0,0,0,0,0,0,0,0,0,0,0,0,0,0,0,0,0,0,0,0,0,0,0,0,0,0,0,0,0,0,0,0,0,0,0,0,0,0,0,0,0,0,0,0,0,0,0,0,0,0,0,0,0,0,0,0,0,0,0,0,0,0,0,0,0,0,0,0,0,0,0,0,0,0,0,0,0,0,0,0,0,0,0,0,0
0,0,0,0,0,0,0,0,0,0,0,0,0,0,0,0,0,0,0,0,0,0,0,0,0,0,0,0,0,0,0,0,0,0,0,0,0,0,0,0,0,0,0,0,0,0,0,0,0,0,0,0,0,0,0,0,0,0,0,0,0,0,0,0,0,0,0,0,0,0,0,0,0,0,0,0,0,0,0,0,0,0,0,0,0,0,0,0,0,0,0,0,0,0,0,0,0,0,0,0,0,0,0,0,0,0,0,0,0,0,0,0,0,0,0,0,0,0,0,0,0,0,0,0,0,0,0,0,0,0,0,0,0,0,0,0,0,0,0,0,0,0,0,0,0,0,0,0,0,0,0,0,0,0,0,0,0,0,0,0,0,0,0,0,0,0,0,0,0,0,0,0,0,0,0,0,0,0,0,0,0,0,0,0,0,0,0,0,0,0,0,0,0,0,0,0,0,0,0,0,0,0,0,0,0,0,0,0,0,0,0,0,0,0,0,0,0,0,0,0,0,0,0,0,0,0,0,0,0,0,0,0,0,0,0,0,0,0,0,0,0,0,0,0,0,0,0,0,0,0,0,0,0,0,0,0,0,0,0,0,0,0,0,0,0,0,0,0,0,0,0,0,0,0,0,0,0,0,0,0,0,0,0,0,0,0,0,0,0,0,0,0,0,0,0,0,0,0,0,0,0,0,0,0,0,0,0,0,0,0,0,0,0,0,0,0,0,0,0,0,0,0,0,0,0,0,0,0,0,0,0,0,0,0,0,0,0,0,0,0,0,0,0,0,0,0,0,0,0,0,0,0,0,0,0,0,0,0,0,0,0,0,0,0,0,0,0,0,0,0,0,0,0,0,0,0,0,0,0,0,0,0,0,0,0,0,0,0,0,0,0,0,0,0,0,0,0,0,0,0,0,0,0,0,0,0,0,0,0,0,0,0,0,0,0,0,0,0,0,0,0,0,0,0,0,0,0,0,0,0,0,0,0,0,0,0,0,0,0,0,0,0,0,0,0,0,0,0,0,0,0,0,0,0,0,0,0,0,0,0,0,0,0,0,0,0,0,0,0,0,0,0,0,0,0,0,0,0,0,0,0,0,0,0,0,0,0,0,0,0,0,0,0,0,0,0,0,0,0,0
